122 1734193689 0,400000 -1,000000 -101,000000 0,000000 0,000000
122 1734193690 0,400000 -1,000000 -101,000000 0,000000 0,000000
140 1734193694 23,400000 -1,000000 -101,000000 0,000000 0,000000
140 1734193695 23,400000 -1,000000 -101,000000 0,000000 0,000000
140 1734193696 23,400000 -1,000000 -101,000000 0,000000 0,000000
140 1734193697 23,400000 -1,000000 -101,000000 0,000000 0,000000
140 1734193698 23,400000 -1,000000 -101,000000 0,000000 0,000000
140 1734193699 14,600000 -1,000000 -101,000000 0,000000 0,000000
140 1734193700 14,600000 -1,000000 -101,000000 0,000000 0,000000
140 1734193701 14,600000 -1,000000 -101,000000 0,000000 0,000000
140 1734193702 14,600000 -1,000000 -101,000000 0,000000 0,000000
140 1734193703 14,600000 -1,000000 -101,000000 0,000000 0,000000
140 1734193704 6,600000 -1,000000 -101,000000 0,000000 0,000000
140 1734193705 6,600000 -1,000000 -101,000000 0,000000 0,000000
140 1734193706 6,600000 -1,000000 -101,000000 0,000000 0,000000
140 1734193707 6,600000 -1,000000 -101,000000 0,000000 0,000000
140 1734193708 6,600000 -1,000000 -101,000000 0,000000 0,000000
140 1734193709 3,200000 -1,000000 -101,000000 0,000000 0,000000
140 1734193710 3,200000 -1,000000 -101,000000 0,000000 0,000000
140 1734193711 3,200000 -1,000000 -101,000000 0,000000 0,000000
140 1734193712 3,200000 -1,000000 -101,000000 0,000000 0,000000
140 1734193713 3,200000 -1,000000 -101,000000 0,000000 0,000000
140 1734193714 4,800000 -1,000000 -101,000000 0,000000 0,000000
140 1734193715 4,800000 -1,000000 -101,000000 0,000000 0,000000
140 1734193716 4,800000 -1,000000 -101,000000 0,000000 0,000000
140 1734193717 4,800000 -1,000000 -101,000000 0,000000 0,000000
140 1734193718 4,800000 -1,000000 -101,000000 0,000000 0,000000
140 1734193719 3,200000 -1,000000 -101,000000 0,000000 0,000000
140 1734193720 3,200000 -1,000000 -101,000000 0,000000 0,000000
140 1734193721 3,200000 -1,000000 -101,000000 0,000000 0,000000
140 1734193722 3,200000 -1,000000 -101,000000 0,000000 0,000000
140 1734193723 3,200000 -1,000000 -101,000000 0,000000 0,000000
140 1734193729 2,600000 -1,000000 -101,000000 0,000000 0,000000
140 1734193730 2,600000 -1,000000 -101,000000 0,000000 0,000000
140 1734193731 2,600000 -1,000000 -101,000000 0,000000 0,000000
140 1734193732 2,600000 -1,000000 -101,000000 0,000000 0,000000
140 1734193733 2,600000 -1,000000 -101,000000 0,000000 0,000000
140 1734193739 2,000000 -1,000000 -101,000000 0,000000 0,000000
140 1734193740 2,000000 -1,000000 -101,000000 0,000000 0,000000
140 1734193741 2,000000 -1,000000 -101,000000 0,000000 0,000000
140 1734193742 2,000000 -1,000000 -101,000000 0,000000 0,000000
140 1734193743 2,000000 -1,000000 -101,000000 0,000000 0,000000
122 1734193691 0,400000 -1,000000 -101,000000 0,000000 0,000000
122 1734193692 0,400000 -1,000000 -101,000000 0,000000 0,000000
122 1734193693 0,400000 -1,000000 -101,000000 0,000000 0,000000
122 1734193749 0,400000 -1,000000 -101,000000 0,000000 0,000000
122 1734193750 0,400000 -1,000000 -101,000000 0,000000 0,000000
140 1734193754 4,000000 -1,000000 -101,000000 0,000000 0,000000
140 1734193755 4,000000 -1,000000 -101,000000 0,000000 0,000000
140 1734193756 4,000000 -1,000000 -101,000000 0,000000 0,000000
140 1734193757 4,000000 -1,000000 -101,000000 0,000000 0,000000
140 1734193758 4,000000 -1,000000 -101,000000 0,000000 0,000000
140 1734193759 3,600000 -1,000000 -101,000000 0,000000 0,000000
140 1734193760 3,600000 -1,000000 -101,000000 0,000000 0,000000
140 1734193761 3,600000 -1,000000 -101,000000 0,000000 0,000000
140 1734193762 3,600000 -1,000000 -101,000000 0,000000 0,000000
140 1734193763 3,600000 -1,000000 -101,000000 0,000000 0,000000
140 1734193764 8,600000 -1,000000 -101,000000 0,000000 0,000000
140 1734193765 8,600000 -1,000000 -101,000000 0,000000 0,000000
140 1734193766 8,600000 -1,000000 -101,000000 0,000000 0,000000
140 1734193767 8,600000 -1,000000 -101,000000 0,000000 0,000000
140 1734193768 8,600000 -1,000000 -101,000000 0,000000 0,000000
140 1734193769 2,800000 -1,000000 -101,000000 0,000000 0,000000
140 1734193770 2,800000 -1,000000 -101,000000 0,000000 0,000000
140 1734193771 2,800000 -1,000000 -101,000000 0,000000 0,000000
140 1734193772 2,800000 -1,000000 -101,000000 0,000000 0,000000
140 1734193773 2,800000 -1,000000 -101,000000 0,000000 0,000000
140 1734193774 5,200000 -1,000000 -101,000000 0,000000 0,000000
140 1734193775 5,200000 -1,000000 -101,000000 0,000000 0,000000
140 1734193776 5,200000 -1,000000 -101,000000 0,000000 0,000000
140 1734193777 5,200000 -1,000000 -101,000000 0,000000 0,000000
140 1734193778 5,200000 -1,000000 -101,000000 0,000000 0,000000
140 1734193779 4,000000 -1,000000 -101,000000 0,000000 0,000000
140 1734193780 4,000000 -1,000000 -101,000000 0,000000 0,000000
140 1734193781 4,000000 -1,000000 -101,000000 0,000000 0,000000
140 1734193782 4,000000 -1,000000 -101,000000 0,000000 0,000000
140 1734193783 4,000000 -1,000000 -101,000000 0,000000 0,000000
140 1734193784 5,600000 -1,000000 -101,000000 0,000000 0,000000
140 1734193785 5,600000 -1,000000 -101,000000 0,000000 0,000000
140 1734193786 5,600000 -1,000000 -101,000000 0,000000 0,000000
140 1734193787 5,600000 -1,000000 -101,000000 0,000000 0,000000
140 1734193788 5,600000 -1,000000 -101,000000 0,000000 0,000000
140 1734193789 0,400000 -1,000000 -101,000000 0,000000 0,000000
140 1734193790 0,400000 -1,000000 -101,000000 0,000000 0,000000
140 1734193791 0,400000 -1,000000 -101,000000 0,000000 0,000000
140 1734193792 0,400000 -1,000000 -101,000000 0,000000 0,000000
140 1734193793 0,400000 -1,000000 -101,000000 0,000000 0,000000
140 1734193794 4,400000 -1,000000 -101,000000 0,000000 0,000000
140 1734193795 4,400000 -1,000000 -101,000000 0,000000 0,000000
140 1734193796 4,400000 -1,000000 -101,000000 0,000000 0,000000
140 1734193797 4,400000 -1,000000 -101,000000 0,000000 0,000000
140 1734193798 4,400000 -1,000000 -101,000000 0,000000 0,000000
140 1734193799 5,400000 -1,000000 -101,000000 0,000000 0,000000
140 1734193800 5,400000 -1,000000 -101,000000 0,000000 0,000000
140 1734193801 5,400000 -1,000000 -101,000000 0,000000 0,000000
140 1734193802 5,400000 -1,000000 -101,000000 0,000000 0,000000
140 1734193803 5,400000 -1,000000 -101,000000 0,000000 0,000000
140 1734193804 2,400000 -1,000000 -101,000000 0,000000 0,000000
140 1734193805 2,400000 -1,000000 -101,000000 0,000000 0,000000
140 1734193806 2,400000 -1,000000 -101,000000 0,000000 0,000000
140 1734193807 2,400000 -1,000000 -101,000000 0,000000 0,000000
140 1734193808 2,400000 -1,000000 -101,000000 0,000000 0,000000
140 1734193809 2,000000 -1,000000 -101,000000 0,000000 0,000000
140 1734193810 2,000000 -1,000000 -101,000000 0,000000 0,000000
122 1734193751 0,400000 -1,000000 -101,000000 0,000000 0,000000
122 1734193752 0,400000 -1,000000 -101,000000 0,000000 0,000000
122 1734193753 0,400000 -1,000000 -101,000000 0,000000 0,000000
122 1734193809 0,400000 -1,000000 -101,000000 0,000000 0,000000
122 1734193810 0,400000 -1,000000 -101,000000 0,000000 0,000000
140 1734193811 2,000000 -1,000000 -101,000000 0,000000 0,000000
140 1734193812 2,000000 -1,000000 -101,000000 0,000000 0,000000
140 1734193813 2,000000 -1,000000 -101,000000 0,000000 0,000000
140 1734193814 4,800000 -1,000000 -101,000000 0,000000 0,000000
140 1734193815 4,800000 -1,000000 -101,000000 0,000000 0,000000
140 1734193816 4,800000 -1,000000 -101,000000 0,000000 0,000000
140 1734193817 4,800000 -1,000000 -101,000000 0,000000 0,000000
140 1734193818 4,800000 -1,000000 -101,000000 0,000000 0,000000
140 1734193819 6,800000 -1,000000 -101,000000 0,000000 0,000000
140 1734193820 6,800000 -1,000000 -101,000000 0,000000 0,000000
140 1734193821 6,800000 -1,000000 -101,000000 0,000000 0,000000
140 1734193822 6,800000 -1,000000 -101,000000 0,000000 0,000000
140 1734193823 6,800000 -1,000000 -101,000000 0,000000 0,000000
140 1734193834 10,400000 -1,000000 -101,000000 0,000000 0,000000
140 1734193835 10,400000 -1,000000 -101,000000 0,000000 0,000000
140 1734193836 10,400000 -1,000000 -101,000000 0,000000 0,000000
140 1734193837 10,400000 -1,000000 -101,000000 0,000000 0,000000
140 1734193838 10,400000 -1,000000 -101,000000 0,000000 0,000000
140 1734193839 6,400000 -1,000000 -101,000000 0,000000 0,000000
140 1734193840 6,400000 -1,000000 -101,000000 0,000000 0,000000
140 1734193841 6,400000 -1,000000 -101,000000 0,000000 0,000000
140 1734193842 6,400000 -1,000000 -101,000000 0,000000 0,000000
140 1734193843 6,400000 -1,000000 -101,000000 0,000000 0,000000
140 1734193844 3,000000 -1,000000 -101,000000 0,000000 0,000000
140 1734193845 3,000000 -1,000000 -101,000000 0,000000 0,000000
140 1734193846 3,000000 -1,000000 -101,000000 0,000000 0,000000
140 1734193847 3,000000 -1,000000 -101,000000 0,000000 0,000000
140 1734193848 3,000000 -1,000000 -101,000000 0,000000 0,000000
140 1734193849 2,800000 -1,000000 -101,000000 0,000000 0,000000
140 1734193850 2,800000 -1,000000 -101,000000 0,000000 0,000000
140 1734193851 2,800000 -1,000000 -101,000000 0,000000 0,000000
140 1734193852 2,800000 -1,000000 -101,000000 0,000000 0,000000
140 1734193853 2,800000 -1,000000 -101,000000 0,000000 0,000000
140 1734193854 6,400000 -1,000000 -101,000000 0,000000 0,000000
140 1734193855 6,400000 -1,000000 -101,000000 0,000000 0,000000
140 1734193856 6,400000 -1,000000 -101,000000 0,000000 0,000000
140 1734193857 6,400000 -1,000000 -101,000000 0,000000 0,000000
140 1734193858 6,400000 -1,000000 -101,000000 0,000000 0,000000
140 1734193859 2,800000 -1,000000 -101,000000 0,000000 0,000000
140 1734193860 2,800000 -1,000000 -101,000000 0,000000 0,000000
140 1734193861 2,800000 -1,000000 -101,000000 0,000000 0,000000
140 1734193862 2,800000 -1,000000 -101,000000 0,000000 0,000000
140 1734193863 2,800000 -1,000000 -101,000000 0,000000 0,000000
140 1734193864 2,400000 -1,000000 -101,000000 0,000000 0,000000
140 1734193865 2,400000 -1,000000 -101,000000 0,000000 0,000000
140 1734193866 2,400000 -1,000000 -101,000000 0,000000 0,000000
140 1734193867 2,400000 -1,000000 -101,000000 0,000000 0,000000
140 1734193868 2,400000 -1,000000 -101,000000 0,000000 0,000000
140 1734193869 0,400000 -1,000000 -101,000000 0,000000 0,000000
140 1734193870 0,400000 -1,000000 -101,000000 0,000000 0,000000
122 1734193811 0,400000 -1,000000 -101,000000 0,000000 0,000000
122 1734193812 0,400000 -1,000000 -101,000000 0,000000 0,000000
122 1734193813 0,400000 -1,000000 -101,000000 0,000000 0,000000
122 1734193869 0,400000 -1,000000 -101,000000 0,000000 0,000000
122 1734193870 0,400000 -1,000000 -101,000000 0,000000 0,000000
140 1734193871 0,400000 -1,000000 -101,000000 0,000000 0,000000
140 1734193872 0,400000 -1,000000 -101,000000 0,000000 0,000000
140 1734193873 0,400000 -1,000000 -101,000000 0,000000 0,000000
140 1734193874 7,800000 -1,000000 -101,000000 0,000000 0,000000
140 1734193875 7,800000 -1,000000 -101,000000 0,000000 0,000000
140 1734193876 7,800000 -1,000000 -101,000000 0,000000 0,000000
140 1734193877 7,800000 -1,000000 -101,000000 0,000000 0,000000
140 1734193878 7,800000 -1,000000 -101,000000 0,000000 0,000000
140 1734193879 5,200000 -1,000000 -101,000000 0,000000 0,000000
140 1734193880 5,200000 -1,000000 -101,000000 0,000000 0,000000
140 1734193881 5,200000 -1,000000 -101,000000 0,000000 0,000000
140 1734193882 5,200000 -1,000000 -101,000000 0,000000 0,000000
140 1734193883 5,200000 -1,000000 -101,000000 0,000000 0,000000
140 1734193884 0,400000 -1,000000 -101,000000 0,000000 0,000000
140 1734193885 0,400000 -1,000000 -101,000000 0,000000 0,000000
140 1734193886 0,400000 -1,000000 -101,000000 0,000000 0,000000
140 1734193887 0,400000 -1,000000 -101,000000 0,000000 0,000000
140 1734193888 0,400000 -1,000000 -101,000000 0,000000 0,000000
140 1734193894 3,200000 -1,000000 -101,000000 0,000000 0,000000
140 1734193895 3,200000 -1,000000 -101,000000 0,000000 0,000000
140 1734193896 3,200000 -1,000000 -101,000000 0,000000 0,000000
140 1734193897 3,200000 -1,000000 -101,000000 0,000000 0,000000
140 1734193898 3,200000 -1,000000 -101,000000 0,000000 0,000000
140 1734193899 2,800000 -1,000000 -101,000000 0,000000 0,000000
140 1734193900 2,800000 -1,000000 -101,000000 0,000000 0,000000
140 1734193901 2,800000 -1,000000 -101,000000 0,000000 0,000000
140 1734193902 2,800000 -1,000000 -101,000000 0,000000 0,000000
140 1734193903 2,800000 -1,000000 -101,000000 0,000000 0,000000
140 1734193904 8,400000 -1,000000 -101,000000 0,000000 0,000000
140 1734193905 8,400000 -1,000000 -101,000000 0,000000 0,000000
140 1734193906 8,400000 -1,000000 -101,000000 0,000000 0,000000
140 1734193907 8,400000 -1,000000 -101,000000 0,000000 0,000000
140 1734193908 8,400000 -1,000000 -101,000000 0,000000 0,000000
140 1734193909 5,800000 -1,000000 -101,000000 0,000000 0,000000
140 1734193910 5,800000 -1,000000 -101,000000 0,000000 0,000000
140 1734193911 5,800000 -1,000000 -101,000000 0,000000 0,000000
140 1734193912 5,800000 -1,000000 -101,000000 0,000000 0,000000
140 1734193913 5,800000 -1,000000 -101,000000 0,000000 0,000000
140 1734193914 0,400000 -1,000000 -101,000000 0,000000 0,000000
140 1734193915 0,400000 -1,000000 -101,000000 0,000000 0,000000
140 1734193916 0,400000 -1,000000 -101,000000 0,000000 0,000000
140 1734193917 0,400000 -1,000000 -101,000000 0,000000 0,000000
140 1734193918 0,400000 -1,000000 -101,000000 0,000000 0,000000
140 1734193919 6,400000 -1,000000 -101,000000 0,000000 0,000000
140 1734193920 6,400000 -1,000000 -101,000000 0,000000 0,000000
140 1734193921 6,400000 -1,000000 -101,000000 0,000000 0,000000
140 1734193922 6,400000 -1,000000 -101,000000 0,000000 0,000000
140 1734193923 6,400000 -1,000000 -101,000000 0,000000 0,000000
140 1734193924 3,200000 -1,000000 -101,000000 0,000000 0,000000
140 1734193925 3,200000 -1,000000 -101,000000 0,000000 0,000000
140 1734193926 3,200000 -1,000000 -101,000000 0,000000 0,000000
140 1734193927 3,200000 -1,000000 -101,000000 0,000000 0,000000
140 1734193928 3,200000 -1,000000 -101,000000 0,000000 0,000000
122 1734193871 0,400000 -1,000000 -101,000000 0,000000 0,000000
122 1734193872 0,400000 -1,000000 -101,000000 0,000000 0,000000
122 1734193873 0,400000 -1,000000 -101,000000 0,000000 0,000000
122 1734193929 0,400000 -1,000000 -101,000000 0,000000 0,000000
122 1734193930 0,400000 -1,000000 -101,000000 0,000000 0,000000
140 1734193934 7,200000 -1,000000 -101,000000 0,000000 0,000000
140 1734193935 7,200000 -1,000000 -101,000000 0,000000 0,000000
140 1734193936 7,200000 -1,000000 -101,000000 0,000000 0,000000
140 1734193937 7,200000 -1,000000 -101,000000 0,000000 0,000000
140 1734193938 7,200000 -1,000000 -101,000000 0,000000 0,000000
140 1734193939 6,400000 -1,000000 -101,000000 0,000000 0,000000
140 1734193940 6,400000 -1,000000 -101,000000 0,000000 0,000000
140 1734193941 6,400000 -1,000000 -101,000000 0,000000 0,000000
140 1734193942 6,400000 -1,000000 -101,000000 0,000000 0,000000
140 1734193943 6,400000 -1,000000 -101,000000 0,000000 0,000000
140 1734193944 5,000000 -1,000000 -101,000000 0,000000 0,000000
140 1734193945 5,000000 -1,000000 -101,000000 0,000000 0,000000
140 1734193946 5,000000 -1,000000 -101,000000 0,000000 0,000000
140 1734193947 5,000000 -1,000000 -101,000000 0,000000 0,000000
140 1734193948 5,000000 -1,000000 -101,000000 0,000000 0,000000
140 1734193949 0,400000 -1,000000 -101,000000 0,000000 0,000000
140 1734193950 0,400000 -1,000000 -101,000000 0,000000 0,000000
140 1734193951 0,400000 -1,000000 -101,000000 0,000000 0,000000
140 1734193952 0,400000 -1,000000 -101,000000 0,000000 0,000000
140 1734193953 0,400000 -1,000000 -101,000000 0,000000 0,000000
140 1734193954 3,200000 -1,000000 -101,000000 0,000000 0,000000
140 1734193955 3,200000 -1,000000 -101,000000 0,000000 0,000000
140 1734193956 3,200000 -1,000000 -101,000000 0,000000 0,000000
140 1734193957 3,200000 -1,000000 -101,000000 0,000000 0,000000
140 1734193958 3,200000 -1,000000 -101,000000 0,000000 0,000000
140 1734193974 10,400000 -1,000000 -101,000000 0,000000 0,000000
140 1734193975 10,400000 -1,000000 -101,000000 0,000000 0,000000
140 1734193976 10,400000 -1,000000 -101,000000 0,000000 0,000000
140 1734193977 10,400000 -1,000000 -101,000000 0,000000 0,000000
140 1734193978 10,400000 -1,000000 -101,000000 0,000000 0,000000
140 1734193979 6,400000 -1,000000 -101,000000 0,000000 0,000000
140 1734193980 6,400000 -1,000000 -101,000000 0,000000 0,000000
140 1734193981 6,400000 -1,000000 -101,000000 0,000000 0,000000
140 1734193982 6,400000 -1,000000 -101,000000 0,000000 0,000000
140 1734193983 6,400000 -1,000000 -101,000000 0,000000 0,000000
140 1734193984 1,400000 -1,000000 -101,000000 0,000000 0,000000
140 1734193985 1,400000 -1,000000 -101,000000 0,000000 0,000000
140 1734193986 1,400000 -1,000000 -101,000000 0,000000 0,000000
140 1734193987 1,400000 -1,000000 -101,000000 0,000000 0,000000
140 1734193988 1,400000 -1,000000 -101,000000 0,000000 0,000000
140 1734193989 4,000000 -1,000000 -101,000000 0,000000 0,000000
140 1734193990 4,000000 -1,000000 -101,000000 0,000000 0,000000
140 1734193991 4,000000 -1,000000 -101,000000 0,000000 0,000000
122 1734193931 0,400000 -1,000000 -101,000000 0,000000 0,000000
122 1734193932 0,400000 -1,000000 -101,000000 0,000000 0,000000
122 1734193933 0,400000 -1,000000 -101,000000 0,000000 0,000000
122 1734193989 0,400000 -1,000000 -101,000000 0,000000 0,000000
122 1734193990 0,400000 -1,000000 -101,000000 0,000000 0,000000
122 1734193991 0,400000 -1,000000 -101,000000 0,000000 0,000000
140 1734193992 4,000000 -1,000000 -101,000000 0,000000 0,000000
140 1734193993 4,000000 -1,000000 -101,000000 0,000000 0,000000
140 1734193994 10,800000 -1,000000 -101,000000 0,000000 0,000000
140 1734193995 10,800000 -1,000000 -101,000000 0,000000 0,000000
140 1734193996 10,800000 -1,000000 -101,000000 0,000000 0,000000
140 1734193997 10,800000 -1,000000 -101,000000 0,000000 0,000000
140 1734193998 10,800000 -1,000000 -101,000000 0,000000 0,000000
140 1734193999 6,400000 -1,000000 -101,000000 0,000000 0,000000
140 1734194000 6,400000 -1,000000 -101,000000 0,000000 0,000000
140 1734194001 6,400000 -1,000000 -101,000000 0,000000 0,000000
140 1734194002 6,400000 -1,000000 -101,000000 0,000000 0,000000
140 1734194003 6,400000 -1,000000 -101,000000 0,000000 0,000000
140 1734194004 2,400000 -1,000000 -101,000000 0,000000 0,000000
140 1734194005 2,400000 -1,000000 -101,000000 0,000000 0,000000
140 1734194006 2,400000 -1,000000 -101,000000 0,000000 0,000000
140 1734194007 2,400000 -1,000000 -101,000000 0,000000 0,000000
140 1734194008 2,400000 -1,000000 -101,000000 0,000000 0,000000
140 1734194009 0,400000 -1,000000 -101,000000 0,000000 0,000000
140 1734194010 0,400000 -1,000000 -101,000000 0,000000 0,000000
140 1734194011 0,400000 -1,000000 -101,000000 0,000000 0,000000
140 1734194012 0,400000 -1,000000 -101,000000 0,000000 0,000000
140 1734194013 0,400000 -1,000000 -101,000000 0,000000 0,000000
140 1734194014 3,600000 -1,000000 -101,000000 0,000000 0,000000
140 1734194015 3,600000 -1,000000 -101,000000 0,000000 0,000000
140 1734194016 3,600000 -1,000000 -101,000000 0,000000 0,000000
140 1734194017 3,600000 -1,000000 -101,000000 0,000000 0,000000
140 1734194018 3,600000 -1,000000 -101,000000 0,000000 0,000000
140 1734194019 8,600000 -1,000000 -101,000000 0,000000 0,000000
140 1734194020 8,600000 -1,000000 -101,000000 0,000000 0,000000
140 1734194021 8,600000 -1,000000 -101,000000 0,000000 0,000000
140 1734194022 8,600000 -1,000000 -101,000000 0,000000 0,000000
140 1734194023 8,600000 -1,000000 -101,000000 0,000000 0,000000
140 1734194024 4,000000 -1,000000 -101,000000 0,000000 0,000000
140 1734194025 4,000000 -1,000000 -101,000000 0,000000 0,000000
140 1734194026 4,000000 -1,000000 -101,000000 0,000000 0,000000
140 1734194027 4,000000 -1,000000 -101,000000 0,000000 0,000000
140 1734194028 4,000000 -1,000000 -101,000000 0,000000 0,000000
140 1734194029 0,800000 -1,000000 -101,000000 0,000000 0,000000
140 1734194030 0,800000 -1,000000 -101,000000 0,000000 0,000000
140 1734194031 0,800000 -1,000000 -101,000000 0,000000 0,000000
140 1734194032 0,800000 -1,000000 -101,000000 0,000000 0,000000
140 1734194033 0,800000 -1,000000 -101,000000 0,000000 0,000000
140 1734194034 1,200000 -1,000000 -101,000000 0,000000 0,000000
140 1734194035 1,200000 -1,000000 -101,000000 0,000000 0,000000
140 1734194036 1,200000 -1,000000 -101,000000 0,000000 0,000000
140 1734194037 1,200000 -1,000000 -101,000000 0,000000 0,000000
140 1734194038 1,200000 -1,000000 -101,000000 0,000000 0,000000
140 1734194044 6,000000 -1,000000 -101,000000 0,000000 0,000000
140 1734194045 6,000000 -1,000000 -101,000000 0,000000 0,000000
140 1734194046 6,000000 -1,000000 -101,000000 0,000000 0,000000
140 1734194047 6,000000 -1,000000 -101,000000 0,000000 0,000000
140 1734194048 6,000000 -1,000000 -101,000000 0,000000 0,000000
140 1734194049 2,800000 -1,000000 -101,000000 0,000000 0,000000
140 1734194050 2,800000 -1,000000 -101,000000 0,000000 0,000000
140 1734194051 2,800000 -1,000000 -101,000000 0,000000 0,000000
122 1734193992 0,400000 -1,000000 -101,000000 0,000000 0,000000
122 1734193993 0,400000 -1,000000 -101,000000 0,000000 0,000000
122 1734194049 0,400000 -1,000000 -101,000000 0,000000 0,000000
122 1734194050 0,400000 -1,000000 -101,000000 0,000000 0,000000
122 1734194051 0,400000 -1,000000 -101,000000 0,000000 0,000000
140 1734194052 2,800000 -1,000000 -101,000000 0,000000 0,000000
140 1734194053 2,800000 -1,000000 -101,000000 0,000000 0,000000
140 1734194054 6,600000 -1,000000 -101,000000 0,000000 0,000000
140 1734194055 6,600000 -1,000000 -101,000000 0,000000 0,000000
140 1734194056 6,600000 -1,000000 -101,000000 0,000000 0,000000
140 1734194057 6,600000 -1,000000 -101,000000 0,000000 0,000000
140 1734194058 6,600000 -1,000000 -101,000000 0,000000 0,000000
140 1734194059 6,400000 -1,000000 -101,000000 0,000000 0,000000
140 1734194060 6,400000 -1,000000 -101,000000 0,000000 0,000000
140 1734194061 6,400000 -1,000000 -101,000000 0,000000 0,000000
140 1734194062 6,400000 -1,000000 -101,000000 0,000000 0,000000
140 1734194063 6,400000 -1,000000 -101,000000 0,000000 0,000000
140 1734194064 3,600000 -1,000000 -101,000000 0,000000 0,000000
140 1734194065 3,600000 -1,000000 -101,000000 0,000000 0,000000
140 1734194066 3,600000 -1,000000 -101,000000 0,000000 0,000000
140 1734194067 3,600000 -1,000000 -101,000000 0,000000 0,000000
140 1734194068 3,600000 -1,000000 -101,000000 0,000000 0,000000
140 1734194089 2,600000 -1,000000 -101,000000 0,000000 0,000000
140 1734194090 2,600000 -1,000000 -101,000000 0,000000 0,000000
140 1734194091 2,600000 -1,000000 -101,000000 0,000000 0,000000
140 1734194092 2,600000 -1,000000 -101,000000 0,000000 0,000000
140 1734194093 2,600000 -1,000000 -101,000000 0,000000 0,000000
140 1734194094 3,200000 -1,000000 -101,000000 0,000000 0,000000
140 1734194095 3,200000 -1,000000 -101,000000 0,000000 0,000000
140 1734194096 3,200000 -1,000000 -101,000000 0,000000 0,000000
140 1734194097 3,200000 -1,000000 -101,000000 0,000000 0,000000
140 1734194098 3,200000 -1,000000 -101,000000 0,000000 0,000000
140 1734194099 8,000000 -1,000000 -101,000000 0,000000 0,000000
140 1734194100 8,000000 -1,000000 -101,000000 0,000000 0,000000
140 1734194101 8,000000 -1,000000 -101,000000 0,000000 0,000000
140 1734194102 8,000000 -1,000000 -101,000000 0,000000 0,000000
140 1734194103 8,000000 -1,000000 -101,000000 0,000000 0,000000
140 1734194104 5,200000 -1,000000 -101,000000 0,000000 0,000000
140 1734194105 5,200000 -1,000000 -101,000000 0,000000 0,000000
140 1734194106 5,200000 -1,000000 -101,000000 0,000000 0,000000
140 1734194107 5,200000 -1,000000 -101,000000 0,000000 0,000000
140 1734194108 5,200000 -1,000000 -101,000000 0,000000 0,000000
140 1734194109 2,800000 -1,000000 -101,000000 0,000000 0,000000
140 1734194110 2,800000 -1,000000 -101,000000 0,000000 0,000000
140 1734194111 2,800000 -1,000000 -101,000000 0,000000 0,000000
122 1734194052 0,400000 -1,000000 -101,000000 0,000000 0,000000
122 1734194053 0,400000 -1,000000 -101,000000 0,000000 0,000000
122 1734194109 0,400000 -1,000000 -101,000000 0,000000 0,000000
122 1734194110 0,400000 -1,000000 -101,000000 0,000000 0,000000
122 1734194111 0,400000 -1,000000 -101,000000 0,000000 0,000000
140 1734194112 2,800000 -1,000000 -101,000000 0,000000 0,000000
140 1734194113 2,800000 -1,000000 -101,000000 0,000000 0,000000
140 1734194114 16,000000 -1,000000 -101,000000 0,000000 0,000000
140 1734194115 16,000000 -1,000000 -101,000000 0,000000 0,000000
140 1734194116 16,000000 -1,000000 -101,000000 0,000000 0,000000
140 1734194117 16,000000 -1,000000 -101,000000 0,000000 0,000000
140 1734194118 16,000000 -1,000000 -101,000000 0,000000 0,000000
140 1734194119 7,800000 -1,000000 -101,000000 0,000000 0,000000
140 1734194120 7,800000 -1,000000 -101,000000 0,000000 0,000000
140 1734194121 7,800000 -1,000000 -101,000000 0,000000 0,000000
140 1734194122 7,800000 -1,000000 -101,000000 0,000000 0,000000
140 1734194123 7,800000 -1,000000 -101,000000 0,000000 0,000000
140 1734194124 7,200000 -1,000000 -101,000000 0,000000 0,000000
140 1734194125 7,200000 -1,000000 -101,000000 0,000000 0,000000
140 1734194126 7,200000 -1,000000 -101,000000 0,000000 0,000000
140 1734194127 7,200000 -1,000000 -101,000000 0,000000 0,000000
140 1734194128 7,200000 -1,000000 -101,000000 0,000000 0,000000
140 1734194129 2,400000 -1,000000 -101,000000 0,000000 0,000000
140 1734194130 2,400000 -1,000000 -101,000000 0,000000 0,000000
140 1734194131 2,400000 -1,000000 -101,000000 0,000000 0,000000
140 1734194132 2,400000 -1,000000 -101,000000 0,000000 0,000000
140 1734194133 2,400000 -1,000000 -101,000000 0,000000 0,000000
140 1734194134 5,200000 -1,000000 -101,000000 0,000000 0,000000
140 1734194135 5,200000 -1,000000 -101,000000 0,000000 0,000000
140 1734194136 5,200000 -1,000000 -101,000000 0,000000 0,000000
140 1734194137 5,200000 -1,000000 -101,000000 0,000000 0,000000
140 1734194138 5,200000 -1,000000 -101,000000 0,000000 0,000000
140 1734194159 2,600000 -1,000000 -101,000000 0,000000 0,000000
140 1734194160 2,600000 -1,000000 -101,000000 0,000000 0,000000
140 1734194161 2,600000 -1,000000 -101,000000 0,000000 0,000000
140 1734194162 2,600000 -1,000000 -101,000000 0,000000 0,000000
140 1734194163 2,600000 -1,000000 -101,000000 0,000000 0,000000
122 1734194112 0,400000 -1,000000 -101,000000 0,000000 0,000000
122 1734194113 0,400000 -1,000000 -101,000000 0,000000 0,000000
122 1734194169 0,400000 -1,000000 -101,000000 0,000000 0,000000
122 1734194170 0,400000 -1,000000 -101,000000 0,000000 0,000000
122 1734194171 0,400000 -1,000000 -101,000000 0,000000 0,000000
140 1734194169 1,600000 -1,000000 -101,000000 0,000000 0,000000
140 1734194170 1,600000 -1,000000 -101,000000 0,000000 0,000000
140 1734194171 1,600000 -1,000000 -101,000000 0,000000 0,000000
140 1734194172 1,600000 -1,000000 -101,000000 0,000000 0,000000
140 1734194173 1,600000 -1,000000 -101,000000 0,000000 0,000000
140 1734194174 7,600000 -1,000000 -101,000000 0,000000 0,000000
140 1734194175 7,600000 -1,000000 -101,000000 0,000000 0,000000
140 1734194176 7,600000 -1,000000 -101,000000 0,000000 0,000000
140 1734194177 7,600000 -1,000000 -101,000000 0,000000 0,000000
140 1734194178 7,600000 -1,000000 -101,000000 0,000000 0,000000
140 1734194179 6,400000 -1,000000 -101,000000 0,000000 0,000000
140 1734194180 6,400000 -1,000000 -101,000000 0,000000 0,000000
140 1734194181 6,400000 -1,000000 -101,000000 0,000000 0,000000
140 1734194182 6,400000 -1,000000 -101,000000 0,000000 0,000000
140 1734194183 6,400000 -1,000000 -101,000000 0,000000 0,000000
140 1734194184 8,400000 -1,000000 -101,000000 0,000000 0,000000
140 1734194185 8,400000 -1,000000 -101,000000 0,000000 0,000000
140 1734194186 8,400000 -1,000000 -101,000000 0,000000 0,000000
140 1734194187 8,400000 -1,000000 -101,000000 0,000000 0,000000
140 1734194188 8,400000 -1,000000 -101,000000 0,000000 0,000000
140 1734194189 3,200000 -1,000000 -101,000000 0,000000 0,000000
140 1734194190 3,200000 -1,000000 -101,000000 0,000000 0,000000
140 1734194191 3,200000 -1,000000 -101,000000 0,000000 0,000000
140 1734194192 3,200000 -1,000000 -101,000000 0,000000 0,000000
140 1734194193 3,200000 -1,000000 -101,000000 0,000000 0,000000
140 1734194194 1,200000 -1,000000 -101,000000 0,000000 0,000000
140 1734194195 1,200000 -1,000000 -101,000000 0,000000 0,000000
140 1734194196 1,200000 -1,000000 -101,000000 0,000000 0,000000
140 1734194197 1,200000 -1,000000 -101,000000 0,000000 0,000000
140 1734194198 1,200000 -1,000000 -101,000000 0,000000 0,000000
140 1734194199 7,000000 -1,000000 -101,000000 0,000000 0,000000
140 1734194200 7,000000 -1,000000 -101,000000 0,000000 0,000000
140 1734194201 7,000000 -1,000000 -101,000000 0,000000 0,000000
140 1734194202 7,000000 -1,000000 -101,000000 0,000000 0,000000
140 1734194203 7,000000 -1,000000 -101,000000 0,000000 0,000000
140 1734194204 7,600000 -1,000000 -101,000000 0,000000 0,000000
140 1734194205 7,600000 -1,000000 -101,000000 0,000000 0,000000
140 1734194206 7,600000 -1,000000 -101,000000 0,000000 0,000000
140 1734194207 7,600000 -1,000000 -101,000000 0,000000 0,000000
140 1734194208 7,600000 -1,000000 -101,000000 0,000000 0,000000
140 1734194209 2,800000 -1,000000 -101,000000 0,000000 0,000000
140 1734194210 2,800000 -1,000000 -101,000000 0,000000 0,000000
140 1734194211 2,800000 -1,000000 -101,000000 0,000000 0,000000
140 1734194212 2,800000 -1,000000 -101,000000 0,000000 0,000000
140 1734194213 2,800000 -1,000000 -101,000000 0,000000 0,000000
140 1734194214 0,400000 -1,000000 -101,000000 0,000000 0,000000
140 1734194215 0,400000 -1,000000 -101,000000 0,000000 0,000000
140 1734194216 0,400000 -1,000000 -101,000000 0,000000 0,000000
140 1734194217 0,400000 -1,000000 -101,000000 0,000000 0,000000
140 1734194218 0,400000 -1,000000 -101,000000 0,000000 0,000000
140 1734194219 0,400000 -1,000000 -101,000000 0,000000 0,000000
140 1734194220 0,400000 -1,000000 -101,000000 0,000000 0,000000
140 1734194221 0,400000 -1,000000 -101,000000 0,000000 0,000000
140 1734194283 2,000000 -1,000000 2,000000 2,000000 0,000000
140 1734194282 2,000000 -1,000000 2,000000 2,000000 0,000000
140 1734194281 2,000000 -1,000000 2,000000 2,000000 0,000000
140 1734194280 2,000000 -1,000000 2,000000 2,000000 0,000000
140 1734194279 2,000000 -1,000000 2,000000 2,000000 0,000000
140 1734194278 4,400000 -1,000000 4,400000 4,400000 0,000000
140 1734194277 4,400000 -1,000000 4,400000 4,400000 0,000000
140 1734194276 4,400000 -1,000000 4,400000 4,400000 0,000000
140 1734194275 4,400000 -1,000000 4,400000 4,400000 0,000000
140 1734194274 4,400000 -1,000000 4,400000 4,400000 0,000000
140 1734194273 5,400000 -1,000000 5,400000 5,400000 0,000000
140 1734194272 5,400000 -1,000000 5,400000 5,400000 0,000000
140 1734194271 5,400000 -1,000000 5,400000 5,400000 0,000000
140 1734194270 5,400000 -1,000000 5,400000 5,400000 0,000000
140 1734194269 5,400000 -1,000000 5,400000 5,400000 0,000000
140 1734194268 3,800000 -1,000000 3,800000 3,800000 0,000000
140 1734194267 3,800000 -1,000000 3,800000 3,800000 0,000000
140 1734194266 3,800000 -1,000000 3,800000 3,800000 0,000000
140 1734194265 3,800000 -1,000000 3,800000 3,800000 0,000000
140 1734194264 3,800000 -1,000000 3,800000 3,800000 0,000000
140 1734194263 6,600000 -1,000000 6,600000 6,600000 0,000000
140 1734194262 6,600000 -1,000000 6,600000 6,600000 0,000000
140 1734194261 6,600000 -1,000000 6,600000 6,600000 0,000000
140 1734194260 6,600000 -1,000000 6,600000 6,600000 0,000000
140 1734194259 6,600000 -1,000000 6,600000 6,600000 0,000000
140 1734194258 13,600000 -1,000000 13,600000 13,600000 0,000000
140 1734194257 13,600000 -1,000000 13,600000 13,600000 0,000000
140 1734194256 13,600000 -1,000000 13,600000 13,600000 0,000000
140 1734194255 13,600000 -1,000000 13,600000 13,600000 0,000000
140 1734194254 13,600000 -1,000000 13,600000 13,600000 0,000000
140 1734194248 0,400000 -1,000000 0,400000 0,400000 0,000000
140 1734194247 0,400000 -1,000000 0,400000 0,400000 0,000000
140 1734194246 0,400000 -1,000000 0,400000 0,400000 0,000000
140 1734194245 0,400000 -1,000000 0,400000 0,400000 0,000000
140 1734194244 0,400000 -1,000000 0,400000 0,400000 0,000000
140 1734194243 5,200000 -1,000000 5,200000 5,200000 0,000000
140 1734194242 5,200000 -1,000000 5,200000 5,200000 0,000000
140 1734194241 5,200000 -1,000000 5,200000 5,200000 0,000000
140 1734194240 5,200000 -1,000000 5,200000 5,200000 0,000000
140 1734194239 5,200000 -1,000000 5,200000 5,200000 0,000000
140 1734194238 6,600000 -1,000000 6,600000 6,600000 0,000000
140 1734194237 6,600000 -1,000000 6,600000 6,600000 0,000000
140 1734194236 6,600000 -1,000000 6,600000 6,600000 0,000000
140 1734194235 6,600000 -1,000000 6,600000 6,600000 0,000000
140 1734194234 6,600000 -1,000000 6,600000 6,600000 0,000000
140 1734194228 3,200000 -1,000000 3,200000 3,200000 0,000000
140 1734194227 3,200000 -1,000000 3,200000 3,200000 0,000000
140 1734194226 3,200000 -1,000000 3,200000 3,200000 0,000000
140 1734194225 3,200000 -1,000000 3,200000 3,200000 0,000000
140 1734194224 3,200000 -1,000000 3,200000 3,200000 0,000000
140 1734194223 0,400000 -1,000000 0,400000 0,400000 0,000000
140 1734194222 0,400000 -1,000000 0,400000 0,400000 0,000000
122 1734194233 0,400000 -1,000000 0,400000 0,400000 0,000000
122 1734194232 0,400000 -1,000000 0,400000 0,400000 0,000000
122 1734194231 0,400000 -1,000000 0,400000 0,400000 0,000000
122 1734194230 0,400000 -1,000000 0,400000 0,400000 0,000000
122 1734194229 0,400000 -1,000000 0,400000 0,400000 0,000000
122 1734194173 0,400000 -1,000000 0,400000 0,400000 0,000000
122 1734194172 0,400000 -1,000000 0,400000 0,400000 0,000000
122 1734194172 0,400000 -1,000000 -101,000000 0,000000 0,000000
122 1734194173 0,400000 -1,000000 -101,000000 0,000000 0,000000
122 1734194229 0,400000 -1,000000 -101,000000 0,000000 0,000000
122 1734194230 0,400000 -1,000000 -101,000000 0,000000 0,000000
122 1734194231 0,400000 -1,000000 -101,000000 0,000000 0,000000
140 1734194222 0,400000 -1,000000 -101,000000 0,000000 0,000000
140 1734194223 0,400000 -1,000000 -101,000000 0,000000 0,000000
140 1734194224 3,200000 -1,000000 -101,000000 0,000000 0,000000
140 1734194225 3,200000 -1,000000 -101,000000 0,000000 0,000000
140 1734194226 3,200000 -1,000000 -101,000000 0,000000 0,000000
140 1734194227 3,200000 -1,000000 -101,000000 0,000000 0,000000
140 1734194228 3,200000 -1,000000 -101,000000 0,000000 0,000000
140 1734194234 6,600000 -1,000000 -101,000000 0,000000 0,000000
140 1734194235 6,600000 -1,000000 -101,000000 0,000000 0,000000
140 1734194236 6,600000 -1,000000 -101,000000 0,000000 0,000000
140 1734194237 6,600000 -1,000000 -101,000000 0,000000 0,000000
140 1734194238 6,600000 -1,000000 -101,000000 0,000000 0,000000
140 1734194239 5,200000 -1,000000 -101,000000 0,000000 0,000000
140 1734194240 5,200000 -1,000000 -101,000000 0,000000 0,000000
140 1734194241 5,200000 -1,000000 -101,000000 0,000000 0,000000
140 1734194242 5,200000 -1,000000 -101,000000 0,000000 0,000000
140 1734194243 5,200000 -1,000000 -101,000000 0,000000 0,000000
140 1734194244 0,400000 -1,000000 -101,000000 0,000000 0,000000
140 1734194245 0,400000 -1,000000 -101,000000 0,000000 0,000000
140 1734194246 0,400000 -1,000000 -101,000000 0,000000 0,000000
140 1734194247 0,400000 -1,000000 -101,000000 0,000000 0,000000
140 1734194248 0,400000 -1,000000 -101,000000 0,000000 0,000000
140 1734194254 13,600000 -1,000000 -101,000000 0,000000 0,000000
140 1734194255 13,600000 -1,000000 -101,000000 0,000000 0,000000
140 1734194256 13,600000 -1,000000 -101,000000 0,000000 0,000000
140 1734194257 13,600000 -1,000000 -101,000000 0,000000 0,000000
140 1734194258 13,600000 -1,000000 -101,000000 0,000000 0,000000
140 1734194259 6,600000 -1,000000 -101,000000 0,000000 0,000000
140 1734194260 6,600000 -1,000000 -101,000000 0,000000 0,000000
140 1734194261 6,600000 -1,000000 -101,000000 0,000000 0,000000
140 1734194262 6,600000 -1,000000 -101,000000 0,000000 0,000000
140 1734194263 6,600000 -1,000000 -101,000000 0,000000 0,000000
140 1734194264 3,800000 -1,000000 -101,000000 0,000000 0,000000
140 1734194265 3,800000 -1,000000 -101,000000 0,000000 0,000000
140 1734194266 3,800000 -1,000000 -101,000000 0,000000 0,000000
140 1734194267 3,800000 -1,000000 -101,000000 0,000000 0,000000
140 1734194268 3,800000 -1,000000 -101,000000 0,000000 0,000000
140 1734194269 5,400000 -1,000000 -101,000000 0,000000 0,000000
140 1734194270 5,400000 -1,000000 -101,000000 0,000000 0,000000
140 1734194271 5,400000 -1,000000 -101,000000 0,000000 0,000000
140 1734194272 5,400000 -1,000000 -101,000000 0,000000 0,000000
140 1734194273 5,400000 -1,000000 -101,000000 0,000000 0,000000
140 1734194274 4,400000 -1,000000 -101,000000 0,000000 0,000000
140 1734194275 4,400000 -1,000000 -101,000000 0,000000 0,000000
140 1734194276 4,400000 -1,000000 -101,000000 0,000000 0,000000
140 1734194277 4,400000 -1,000000 -101,000000 0,000000 0,000000
140 1734194278 4,400000 -1,000000 -101,000000 0,000000 0,000000
140 1734194279 2,000000 -1,000000 -101,000000 0,000000 0,000000
140 1734194280 2,000000 -1,000000 -101,000000 0,000000 0,000000
140 1734194281 2,000000 -1,000000 -101,000000 0,000000 0,000000
140 1734194282 2,000000 -1,000000 -101,000000 0,000000 0,000000
140 1734194283 2,000000 -1,000000 -101,000000 0,000000 0,000000
122 1734194232 0,400000 -1,000000 -101,000000 0,000000 0,000000
122 1734194233 0,400000 -1,000000 -101,000000 0,000000 0,000000
122 1734194289 0,400000 -1,000000 -101,000000 0,000000 0,000000
122 1734194290 0,400000 -1,000000 -101,000000 0,000000 0,000000
122 1734194291 0,400000 -1,000000 -101,000000 0,000000 0,000000
140 1734194294 4,000000 -1,000000 -101,000000 0,000000 0,000000
140 1734194295 4,000000 -1,000000 -101,000000 0,000000 0,000000
140 1734194296 4,000000 -1,000000 -101,000000 0,000000 0,000000
140 1734194297 4,000000 -1,000000 -101,000000 0,000000 0,000000
140 1734194298 4,000000 -1,000000 -101,000000 0,000000 0,000000
140 1734194299 6,800000 -1,000000 -101,000000 0,000000 0,000000
140 1734194300 6,800000 -1,000000 -101,000000 0,000000 0,000000
140 1734194301 6,800000 -1,000000 -101,000000 0,000000 0,000000
140 1734194302 6,800000 -1,000000 -101,000000 0,000000 0,000000
140 1734194303 6,800000 -1,000000 -101,000000 0,000000 0,000000
140 1734194304 5,400000 -1,000000 -101,000000 0,000000 0,000000
140 1734194305 5,400000 -1,000000 -101,000000 0,000000 0,000000
140 1734194306 5,400000 -1,000000 -101,000000 0,000000 0,000000
140 1734194307 5,400000 -1,000000 -101,000000 0,000000 0,000000
140 1734194308 5,400000 -1,000000 -101,000000 0,000000 0,000000
140 1734194309 2,400000 -1,000000 -101,000000 0,000000 0,000000
140 1734194310 2,400000 -1,000000 -101,000000 0,000000 0,000000
140 1734194311 2,400000 -1,000000 -101,000000 0,000000 0,000000
140 1734194312 2,400000 -1,000000 -101,000000 0,000000 0,000000
140 1734194313 2,400000 -1,000000 -101,000000 0,000000 0,000000
140 1734194314 2,400000 -1,000000 -101,000000 0,000000 0,000000
140 1734194315 2,400000 -1,000000 -101,000000 0,000000 0,000000
140 1734194316 2,400000 -1,000000 -101,000000 0,000000 0,000000
140 1734194317 2,400000 -1,000000 -101,000000 0,000000 0,000000
140 1734194318 2,400000 -1,000000 -101,000000 0,000000 0,000000
140 1734194319 0,400000 -1,000000 -101,000000 0,000000 0,000000
140 1734194320 0,400000 -1,000000 -101,000000 0,000000 0,000000
140 1734194321 0,400000 -1,000000 -101,000000 0,000000 0,000000
140 1734194322 0,400000 -1,000000 -101,000000 0,000000 0,000000
140 1734194323 0,400000 -1,000000 -101,000000 0,000000 0,000000
140 1734194324 9,200000 -1,000000 -101,000000 0,000000 0,000000
140 1734194325 9,200000 -1,000000 -101,000000 0,000000 0,000000
140 1734194326 9,200000 -1,000000 -101,000000 0,000000 0,000000
140 1734194327 9,200000 -1,000000 -101,000000 0,000000 0,000000
140 1734194328 9,200000 -1,000000 -101,000000 0,000000 0,000000
140 1734194329 2,800000 -1,000000 -101,000000 0,000000 0,000000
140 1734194330 2,800000 -1,000000 -101,000000 0,000000 0,000000
140 1734194331 2,800000 -1,000000 -101,000000 0,000000 0,000000
140 1734194332 2,800000 -1,000000 -101,000000 0,000000 0,000000
140 1734194333 2,800000 -1,000000 -101,000000 0,000000 0,000000
140 1734194334 3,200000 -1,000000 -101,000000 0,000000 0,000000
140 1734194335 3,200000 -1,000000 -101,000000 0,000000 0,000000
140 1734194336 3,200000 -1,000000 -101,000000 0,000000 0,000000
140 1734194337 3,200000 -1,000000 -101,000000 0,000000 0,000000
140 1734194338 3,200000 -1,000000 -101,000000 0,000000 0,000000
140 1734194339 6,600000 -1,000000 -101,000000 0,000000 0,000000
140 1734194340 6,600000 -1,000000 -101,000000 0,000000 0,000000
140 1734194341 6,600000 -1,000000 -101,000000 0,000000 0,000000
140 1734194342 6,600000 -1,000000 -101,000000 0,000000 0,000000
140 1734194343 6,600000 -1,000000 -101,000000 0,000000 0,000000
140 1734194344 5,600000 -1,000000 -101,000000 0,000000 0,000000
140 1734194345 5,600000 -1,000000 -101,000000 0,000000 0,000000
140 1734194346 5,600000 -1,000000 -101,000000 0,000000 0,000000
140 1734194347 5,600000 -1,000000 -101,000000 0,000000 0,000000
140 1734194348 5,600000 -1,000000 -101,000000 0,000000 0,000000
140 1734194349 2,000000 -1,000000 -101,000000 0,000000 0,000000
140 1734194350 2,000000 -1,000000 -101,000000 0,000000 0,000000
140 1734194351 2,000000 -1,000000 -101,000000 0,000000 0,000000
122 1734194292 0,400000 -1,000000 -101,000000 0,000000 0,000000
122 1734194293 0,400000 -1,000000 -101,000000 0,000000 0,000000
122 1734194349 0,400000 -1,000000 -101,000000 0,000000 0,000000
122 1734194350 0,400000 -1,000000 -101,000000 0,000000 0,000000
122 1734194351 0,400000 -1,000000 -101,000000 0,000000 0,000000
140 1734194352 2,000000 -1,000000 -101,000000 0,000000 0,000000
140 1734194353 2,000000 -1,000000 -101,000000 0,000000 0,000000
140 1734194354 5,600000 -1,000000 -101,000000 0,000000 0,000000
140 1734194355 5,600000 -1,000000 -101,000000 0,000000 0,000000
140 1734194356 5,600000 -1,000000 -101,000000 0,000000 0,000000
140 1734194357 5,600000 -1,000000 -101,000000 0,000000 0,000000
140 1734194358 5,600000 -1,000000 -101,000000 0,000000 0,000000
140 1734194359 3,600000 -1,000000 -101,000000 0,000000 0,000000
140 1734194360 3,600000 -1,000000 -101,000000 0,000000 0,000000
140 1734194361 3,600000 -1,000000 -101,000000 0,000000 0,000000
140 1734194362 3,600000 -1,000000 -101,000000 0,000000 0,000000
140 1734194363 3,600000 -1,000000 -101,000000 0,000000 0,000000
140 1734194379 2,600000 -1,000000 -101,000000 0,000000 0,000000
140 1734194380 2,600000 -1,000000 -101,000000 0,000000 0,000000
140 1734194381 2,600000 -1,000000 -101,000000 0,000000 0,000000
140 1734194382 2,600000 -1,000000 -101,000000 0,000000 0,000000
140 1734194383 2,600000 -1,000000 -101,000000 0,000000 0,000000
140 1734194384 1,600000 -1,000000 -101,000000 0,000000 0,000000
140 1734194385 1,600000 -1,000000 -101,000000 0,000000 0,000000
140 1734194386 1,600000 -1,000000 -101,000000 0,000000 0,000000
140 1734194387 1,600000 -1,000000 -101,000000 0,000000 0,000000
140 1734194388 1,600000 -1,000000 -101,000000 0,000000 0,000000
140 1734194389 0,400000 -1,000000 -101,000000 0,000000 0,000000
140 1734194390 0,400000 -1,000000 -101,000000 0,000000 0,000000
140 1734194391 0,400000 -1,000000 -101,000000 0,000000 0,000000
140 1734194392 0,400000 -1,000000 -101,000000 0,000000 0,000000
140 1734194393 0,400000 -1,000000 -101,000000 0,000000 0,000000
140 1734194394 10,400000 -1,000000 -101,000000 0,000000 0,000000
140 1734194395 10,400000 -1,000000 -101,000000 0,000000 0,000000
140 1734194396 10,400000 -1,000000 -101,000000 0,000000 0,000000
140 1734194397 10,400000 -1,000000 -101,000000 0,000000 0,000000
140 1734194398 10,400000 -1,000000 -101,000000 0,000000 0,000000
140 1734194399 7,000000 -1,000000 -101,000000 0,000000 0,000000
140 1734194400 7,000000 -1,000000 -101,000000 0,000000 0,000000
140 1734194401 7,000000 -1,000000 -101,000000 0,000000 0,000000
140 1734194402 7,000000 -1,000000 -101,000000 0,000000 0,000000
140 1734194403 7,000000 -1,000000 -101,000000 0,000000 0,000000
140 1734194404 4,200000 -1,000000 -101,000000 0,000000 0,000000
140 1734194405 4,200000 -1,000000 -101,000000 0,000000 0,000000
140 1734194406 4,200000 -1,000000 -101,000000 0,000000 0,000000
140 1734194407 4,200000 -1,000000 -101,000000 0,000000 0,000000
140 1734194408 4,200000 -1,000000 -101,000000 0,000000 0,000000
140 1734194409 4,800000 -1,000000 -101,000000 0,000000 0,000000
140 1734194410 4,800000 -1,000000 -101,000000 0,000000 0,000000
140 1734194411 4,800000 -1,000000 -101,000000 0,000000 0,000000
122 1734194352 0,400000 -1,000000 -101,000000 0,000000 0,000000
122 1734194353 0,400000 -1,000000 -101,000000 0,000000 0,000000
122 1734194409 0,400000 -1,000000 -101,000000 0,000000 0,000000
122 1734194410 0,400000 -1,000000 -101,000000 0,000000 0,000000
122 1734194411 0,400000 -1,000000 -101,000000 0,000000 0,000000
140 1734194412 4,800000 -1,000000 -101,000000 0,000000 0,000000
140 1734194413 4,800000 -1,000000 -101,000000 0,000000 0,000000
140 1734194414 13,400000 -1,000000 -101,000000 0,000000 0,000000
140 1734194415 13,400000 -1,000000 -101,000000 0,000000 0,000000
140 1734194416 13,400000 -1,000000 -101,000000 0,000000 0,000000
140 1734194417 13,400000 -1,000000 -101,000000 0,000000 0,000000
140 1734194418 13,400000 -1,000000 -101,000000 0,000000 0,000000
140 1734194419 8,400000 -1,000000 -101,000000 0,000000 0,000000
140 1734194420 8,400000 -1,000000 -101,000000 0,000000 0,000000
140 1734194421 8,400000 -1,000000 -101,000000 0,000000 0,000000
140 1734194422 8,400000 -1,000000 -101,000000 0,000000 0,000000
140 1734194423 8,400000 -1,000000 -101,000000 0,000000 0,000000
140 1734194424 6,000000 -1,000000 -101,000000 0,000000 0,000000
140 1734194425 6,000000 -1,000000 -101,000000 0,000000 0,000000
140 1734194426 6,000000 -1,000000 -101,000000 0,000000 0,000000
140 1734194427 6,000000 -1,000000 -101,000000 0,000000 0,000000
140 1734194428 6,000000 -1,000000 -101,000000 0,000000 0,000000
140 1734194429 0,400000 -1,000000 -101,000000 0,000000 0,000000
140 1734194430 0,400000 -1,000000 -101,000000 0,000000 0,000000
140 1734194431 0,400000 -1,000000 -101,000000 0,000000 0,000000
140 1734194432 0,400000 -1,000000 -101,000000 0,000000 0,000000
140 1734194433 0,400000 -1,000000 -101,000000 0,000000 0,000000
140 1734194434 1,200000 -1,000000 -101,000000 0,000000 0,000000
140 1734194435 1,200000 -1,000000 -101,000000 0,000000 0,000000
140 1734194436 1,200000 -1,000000 -101,000000 0,000000 0,000000
140 1734194437 1,200000 -1,000000 -101,000000 0,000000 0,000000
140 1734194438 1,200000 -1,000000 -101,000000 0,000000 0,000000
140 1734194449 2,600000 -1,000000 -101,000000 0,000000 0,000000
140 1734194450 2,600000 -1,000000 -101,000000 0,000000 0,000000
140 1734194451 2,600000 -1,000000 -101,000000 0,000000 0,000000
140 1734194452 2,600000 -1,000000 -101,000000 0,000000 0,000000
140 1734194453 2,600000 -1,000000 -101,000000 0,000000 0,000000
140 1734194459 2,000000 -1,000000 -101,000000 0,000000 0,000000
140 1734194460 2,000000 -1,000000 -101,000000 0,000000 0,000000
140 1734194461 2,000000 -1,000000 -101,000000 0,000000 0,000000
140 1734194462 2,000000 -1,000000 -101,000000 0,000000 0,000000
140 1734194463 2,000000 -1,000000 -101,000000 0,000000 0,000000
140 1734194464 6,000000 -1,000000 -101,000000 0,000000 0,000000
140 1734194465 6,000000 -1,000000 -101,000000 0,000000 0,000000
140 1734194466 6,000000 -1,000000 -101,000000 0,000000 0,000000
140 1734194467 6,000000 -1,000000 -101,000000 0,000000 0,000000
140 1734194468 6,000000 -1,000000 -101,000000 0,000000 0,000000
140 1734194469 2,800000 -1,000000 -101,000000 0,000000 0,000000
140 1734194470 2,800000 -1,000000 -101,000000 0,000000 0,000000
140 1734194471 2,800000 -1,000000 -101,000000 0,000000 0,000000
122 1734194412 0,400000 -1,000000 -101,000000 0,000000 0,000000
122 1734194413 0,400000 -1,000000 -101,000000 0,000000 0,000000
122 1734194469 0,400000 -1,000000 -101,000000 0,000000 0,000000
122 1734194470 0,400000 -1,000000 -101,000000 0,000000 0,000000
122 1734194471 0,400000 -1,000000 -101,000000 0,000000 0,000000
140 1734194472 2,800000 -1,000000 -101,000000 0,000000 0,000000
140 1734194473 2,800000 -1,000000 -101,000000 0,000000 0,000000
140 1734194474 4,000000 -1,000000 -101,000000 0,000000 0,000000
140 1734194475 4,000000 -1,000000 -101,000000 0,000000 0,000000
140 1734194476 4,000000 -1,000000 -101,000000 0,000000 0,000000
140 1734194477 4,000000 -1,000000 -101,000000 0,000000 0,000000
140 1734194478 4,000000 -1,000000 -101,000000 0,000000 0,000000
140 1734194479 4,800000 -1,000000 -101,000000 0,000000 0,000000
140 1734194480 4,800000 -1,000000 -101,000000 0,000000 0,000000
140 1734194481 4,800000 -1,000000 -101,000000 0,000000 0,000000
140 1734194482 4,800000 -1,000000 -101,000000 0,000000 0,000000
140 1734194483 4,800000 -1,000000 -101,000000 0,000000 0,000000
140 1734194484 5,800000 -1,000000 -101,000000 0,000000 0,000000
140 1734194485 5,800000 -1,000000 -101,000000 0,000000 0,000000
140 1734194486 5,800000 -1,000000 -101,000000 0,000000 0,000000
140 1734194487 5,800000 -1,000000 -101,000000 0,000000 0,000000
140 1734194488 5,800000 -1,000000 -101,000000 0,000000 0,000000
140 1734194494 5,200000 -1,000000 -101,000000 0,000000 0,000000
140 1734194495 5,200000 -1,000000 -101,000000 0,000000 0,000000
140 1734194496 5,200000 -1,000000 -101,000000 0,000000 0,000000
140 1734194497 5,200000 -1,000000 -101,000000 0,000000 0,000000
140 1734194498 5,200000 -1,000000 -101,000000 0,000000 0,000000
140 1734194499 6,000000 -1,000000 -101,000000 0,000000 0,000000
140 1734194500 6,000000 -1,000000 -101,000000 0,000000 0,000000
140 1734194501 6,000000 -1,000000 -101,000000 0,000000 0,000000
140 1734194502 6,000000 -1,000000 -101,000000 0,000000 0,000000
140 1734194503 6,000000 -1,000000 -101,000000 0,000000 0,000000
140 1734194504 5,200000 -1,000000 -101,000000 0,000000 0,000000
140 1734194505 5,200000 -1,000000 -101,000000 0,000000 0,000000
140 1734194506 5,200000 -1,000000 -101,000000 0,000000 0,000000
140 1734194507 5,200000 -1,000000 -101,000000 0,000000 0,000000
140 1734194508 5,200000 -1,000000 -101,000000 0,000000 0,000000
140 1734194509 2,800000 -1,000000 -101,000000 0,000000 0,000000
140 1734194510 2,800000 -1,000000 -101,000000 0,000000 0,000000
140 1734194511 2,800000 -1,000000 -101,000000 0,000000 0,000000
140 1734194512 2,800000 -1,000000 -101,000000 0,000000 0,000000
140 1734194513 2,800000 -1,000000 -101,000000 0,000000 0,000000
140 1734194514 1,600000 -1,000000 -101,000000 0,000000 0,000000
140 1734194515 1,600000 -1,000000 -101,000000 0,000000 0,000000
140 1734194516 1,600000 -1,000000 -101,000000 0,000000 0,000000
140 1734194517 1,600000 -1,000000 -101,000000 0,000000 0,000000
140 1734194518 1,600000 -1,000000 -101,000000 0,000000 0,000000
140 1734194519 3,000000 -1,000000 -101,000000 0,000000 0,000000
140 1734194520 3,000000 -1,000000 -101,000000 0,000000 0,000000
140 1734194521 3,000000 -1,000000 -101,000000 0,000000 0,000000
140 1734194522 3,000000 -1,000000 -101,000000 0,000000 0,000000
140 1734194523 3,000000 -1,000000 -101,000000 0,000000 0,000000
140 1734194524 3,200000 -1,000000 -101,000000 0,000000 0,000000
140 1734194525 3,200000 -1,000000 -101,000000 0,000000 0,000000
140 1734194526 3,200000 -1,000000 -101,000000 0,000000 0,000000
140 1734194527 3,200000 -1,000000 -101,000000 0,000000 0,000000
140 1734194528 3,200000 -1,000000 -101,000000 0,000000 0,000000
140 1734194529 1,600000 -1,000000 -101,000000 0,000000 0,000000
140 1734194530 1,600000 -1,000000 -101,000000 0,000000 0,000000
140 1734194531 1,600000 -1,000000 -101,000000 0,000000 0,000000
122 1734194472 0,400000 -1,000000 -101,000000 0,000000 0,000000
122 1734194473 0,400000 -1,000000 -101,000000 0,000000 0,000000
122 1734194529 0,400000 -1,000000 -101,000000 0,000000 0,000000
122 1734194530 0,400000 -1,000000 -101,000000 0,000000 0,000000
122 1734194531 0,400000 -1,000000 -101,000000 0,000000 0,000000
140 1734194532 1,600000 -1,000000 -101,000000 0,000000 0,000000
140 1734194533 1,600000 -1,000000 -101,000000 0,000000 0,000000
140 1734194534 14,800000 -1,000000 -101,000000 0,000000 0,000000
140 1734194535 14,800000 -1,000000 -101,000000 0,000000 0,000000
140 1734194536 14,800000 -1,000000 -101,000000 0,000000 0,000000
140 1734194537 14,800000 -1,000000 -101,000000 0,000000 0,000000
140 1734194538 14,800000 -1,000000 -101,000000 0,000000 0,000000
140 1734194539 7,400000 -1,000000 -101,000000 0,000000 0,000000
140 1734194540 7,400000 -1,000000 -101,000000 0,000000 0,000000
140 1734194541 7,400000 -1,000000 -101,000000 0,000000 0,000000
140 1734194542 7,400000 -1,000000 -101,000000 0,000000 0,000000
140 1734194543 7,400000 -1,000000 -101,000000 0,000000 0,000000
140 1734194544 1,400000 -1,000000 -101,000000 0,000000 0,000000
140 1734194545 1,400000 -1,000000 -101,000000 0,000000 0,000000
140 1734194546 1,400000 -1,000000 -101,000000 0,000000 0,000000
140 1734194547 1,400000 -1,000000 -101,000000 0,000000 0,000000
140 1734194548 1,400000 -1,000000 -101,000000 0,000000 0,000000
140 1734194549 2,400000 -1,000000 -101,000000 0,000000 0,000000
140 1734194550 2,400000 -1,000000 -101,000000 0,000000 0,000000
140 1734194551 2,400000 -1,000000 -101,000000 0,000000 0,000000
140 1734194552 2,400000 -1,000000 -101,000000 0,000000 0,000000
140 1734194553 2,400000 -1,000000 -101,000000 0,000000 0,000000
140 1734194554 3,200000 -1,000000 -101,000000 0,000000 0,000000
140 1734194555 3,200000 -1,000000 -101,000000 0,000000 0,000000
140 1734194556 3,200000 -1,000000 -101,000000 0,000000 0,000000
140 1734194557 3,200000 -1,000000 -101,000000 0,000000 0,000000
140 1734194558 3,200000 -1,000000 -101,000000 0,000000 0,000000
140 1734194559 2,600000 -1,000000 -101,000000 0,000000 0,000000
140 1734194560 2,600000 -1,000000 -101,000000 0,000000 0,000000
140 1734194561 2,600000 -1,000000 -101,000000 0,000000 0,000000
140 1734194562 2,600000 -1,000000 -101,000000 0,000000 0,000000
140 1734194563 2,600000 -1,000000 -101,000000 0,000000 0,000000
140 1734194564 1,600000 -1,000000 -101,000000 0,000000 0,000000
140 1734194565 1,600000 -1,000000 -101,000000 0,000000 0,000000
140 1734194566 1,600000 -1,000000 -101,000000 0,000000 0,000000
140 1734194567 1,600000 -1,000000 -101,000000 0,000000 0,000000
140 1734194568 1,600000 -1,000000 -101,000000 0,000000 0,000000
140 1734194569 0,400000 -1,000000 -101,000000 0,000000 0,000000
140 1734194570 0,400000 -1,000000 -101,000000 0,000000 0,000000
140 1734194571 0,400000 -1,000000 -101,000000 0,000000 0,000000
140 1734194572 0,400000 -1,000000 -101,000000 0,000000 0,000000
140 1734194573 0,400000 -1,000000 -101,000000 0,000000 0,000000
140 1734194574 3,200000 -1,000000 -101,000000 0,000000 0,000000
140 1734194575 3,200000 -1,000000 -101,000000 0,000000 0,000000
140 1734194576 3,200000 -1,000000 -101,000000 0,000000 0,000000
140 1734194577 3,200000 -1,000000 -101,000000 0,000000 0,000000
140 1734194578 3,200000 -1,000000 -101,000000 0,000000 0,000000
140 1734194579 2,800000 -1,000000 -101,000000 0,000000 0,000000
140 1734194580 2,800000 -1,000000 -101,000000 0,000000 0,000000
140 1734194581 2,800000 -1,000000 -101,000000 0,000000 0,000000
122 1734194532 0,400000 -1,000000 -101,000000 0,000000 0,000000
122 1734194533 0,400000 -1,000000 -101,000000 0,000000 0,000000
122 1734194589 0,400000 -1,000000 -101,000000 0,000000 0,000000
122 1734194590 0,400000 -1,000000 -101,000000 0,000000 0,000000
122 1734194591 0,400000 -1,000000 -101,000000 0,000000 0,000000
140 1734194582 2,800000 -1,000000 -101,000000 0,000000 0,000000
140 1734194583 2,800000 -1,000000 -101,000000 0,000000 0,000000
140 1734194584 2,400000 -1,000000 -101,000000 0,000000 0,000000
140 1734194585 2,400000 -1,000000 -101,000000 0,000000 0,000000
140 1734194586 2,400000 -1,000000 -101,000000 0,000000 0,000000
140 1734194587 2,400000 -1,000000 -101,000000 0,000000 0,000000
140 1734194588 2,400000 -1,000000 -101,000000 0,000000 0,000000
140 1734194589 0,400000 -1,000000 -101,000000 0,000000 0,000000
140 1734194590 0,400000 -1,000000 -101,000000 0,000000 0,000000
140 1734194591 0,400000 -1,000000 -101,000000 0,000000 0,000000
140 1734194592 0,400000 -1,000000 -101,000000 0,000000 0,000000
140 1734194593 0,400000 -1,000000 -101,000000 0,000000 0,000000
140 1734194594 7,800000 -1,000000 -101,000000 0,000000 0,000000
140 1734194595 7,800000 -1,000000 -101,000000 0,000000 0,000000
140 1734194596 7,800000 -1,000000 -101,000000 0,000000 0,000000
140 1734194597 7,800000 -1,000000 -101,000000 0,000000 0,000000
140 1734194598 7,800000 -1,000000 -101,000000 0,000000 0,000000
140 1734194599 5,200000 -1,000000 -101,000000 0,000000 0,000000
140 1734194600 5,200000 -1,000000 -101,000000 0,000000 0,000000
140 1734194601 5,200000 -1,000000 -101,000000 0,000000 0,000000
140 1734194602 5,200000 -1,000000 -101,000000 0,000000 0,000000
140 1734194603 5,200000 -1,000000 -101,000000 0,000000 0,000000
140 1734194604 9,600000 -1,000000 -101,000000 0,000000 0,000000
140 1734194605 9,600000 -1,000000 -101,000000 0,000000 0,000000
140 1734194606 9,600000 -1,000000 -101,000000 0,000000 0,000000
140 1734194607 9,600000 -1,000000 -101,000000 0,000000 0,000000
140 1734194608 9,600000 -1,000000 -101,000000 0,000000 0,000000
140 1734194609 5,600000 -1,000000 -101,000000 0,000000 0,000000
140 1734194610 5,600000 -1,000000 -101,000000 0,000000 0,000000
140 1734194611 5,600000 -1,000000 -101,000000 0,000000 0,000000
140 1734194612 5,600000 -1,000000 -101,000000 0,000000 0,000000
140 1734194613 5,600000 -1,000000 -101,000000 0,000000 0,000000
140 1734194614 2,400000 -1,000000 -101,000000 0,000000 0,000000
140 1734194615 2,400000 -1,000000 -101,000000 0,000000 0,000000
140 1734194616 2,400000 -1,000000 -101,000000 0,000000 0,000000
140 1734194617 2,400000 -1,000000 -101,000000 0,000000 0,000000
140 1734194618 2,400000 -1,000000 -101,000000 0,000000 0,000000
140 1734194619 1,600000 -1,000000 -101,000000 0,000000 0,000000
140 1734194620 1,600000 -1,000000 -101,000000 0,000000 0,000000
140 1734194621 1,600000 -1,000000 -101,000000 0,000000 0,000000
140 1734194622 1,600000 -1,000000 -101,000000 0,000000 0,000000
140 1734194623 1,600000 -1,000000 -101,000000 0,000000 0,000000
140 1734194624 3,600000 -1,000000 -101,000000 0,000000 0,000000
140 1734194625 3,600000 -1,000000 -101,000000 0,000000 0,000000
140 1734194626 3,600000 -1,000000 -101,000000 0,000000 0,000000
140 1734194627 3,600000 -1,000000 -101,000000 0,000000 0,000000
140 1734194628 3,600000 -1,000000 -101,000000 0,000000 0,000000
140 1734194629 5,800000 -1,000000 -101,000000 0,000000 0,000000
140 1734194630 5,800000 -1,000000 -101,000000 0,000000 0,000000
140 1734194631 5,800000 -1,000000 -101,000000 0,000000 0,000000
140 1734194632 5,800000 -1,000000 -101,000000 0,000000 0,000000
140 1734194633 5,800000 -1,000000 -101,000000 0,000000 0,000000
140 1734194639 2,000000 -1,000000 -101,000000 0,000000 0,000000
140 1734194640 2,000000 -1,000000 -101,000000 0,000000 0,000000
140 1734194641 2,000000 -1,000000 -101,000000 0,000000 0,000000
140 1734194642 2,000000 -1,000000 -101,000000 0,000000 0,000000
140 1734194643 2,000000 -1,000000 -101,000000 0,000000 0,000000
122 1734194592 0,400000 -1,000000 -101,000000 0,000000 0,000000
122 1734194593 0,400000 -1,000000 -101,000000 0,000000 0,000000
122 1734194649 0,400000 -1,000000 -101,000000 0,000000 0,000000
122 1734194650 0,400000 -1,000000 -101,000000 0,000000 0,000000
122 1734194651 0,400000 -1,000000 -101,000000 0,000000 0,000000
122 1734194652 0,400000 -1,000000 -101,000000 0,000000 0,000000
140 1734194654 7,200000 -1,000000 -101,000000 0,000000 0,000000
140 1734194655 7,200000 -1,000000 -101,000000 0,000000 0,000000
140 1734194656 7,200000 -1,000000 -101,000000 0,000000 0,000000
140 1734194657 7,200000 -1,000000 -101,000000 0,000000 0,000000
140 1734194658 7,200000 -1,000000 -101,000000 0,000000 0,000000
140 1734194659 6,400000 -1,000000 -101,000000 0,000000 0,000000
140 1734194660 6,400000 -1,000000 -101,000000 0,000000 0,000000
140 1734194661 6,400000 -1,000000 -101,000000 0,000000 0,000000
140 1734194662 6,400000 -1,000000 -101,000000 0,000000 0,000000
140 1734194663 6,400000 -1,000000 -101,000000 0,000000 0,000000
140 1734194664 5,000000 -1,000000 -101,000000 0,000000 0,000000
140 1734194665 5,000000 -1,000000 -101,000000 0,000000 0,000000
140 1734194666 5,000000 -1,000000 -101,000000 0,000000 0,000000
140 1734194667 5,000000 -1,000000 -101,000000 0,000000 0,000000
140 1734194668 5,000000 -1,000000 -101,000000 0,000000 0,000000
140 1734194669 0,400000 -1,000000 -101,000000 0,000000 0,000000
140 1734194670 0,400000 -1,000000 -101,000000 0,000000 0,000000
140 1734194671 0,400000 -1,000000 -101,000000 0,000000 0,000000
140 1734194672 0,400000 -1,000000 -101,000000 0,000000 0,000000
140 1734194673 0,400000 -1,000000 -101,000000 0,000000 0,000000
140 1734194674 13,600000 -1,000000 -101,000000 0,000000 0,000000
140 1734194675 13,600000 -1,000000 -101,000000 0,000000 0,000000
140 1734194676 13,600000 -1,000000 -101,000000 0,000000 0,000000
140 1734194677 13,600000 -1,000000 -101,000000 0,000000 0,000000
140 1734194678 13,600000 -1,000000 -101,000000 0,000000 0,000000
140 1734194679 3,800000 -1,000000 -101,000000 0,000000 0,000000
140 1734194680 3,800000 -1,000000 -101,000000 0,000000 0,000000
140 1734194681 3,800000 -1,000000 -101,000000 0,000000 0,000000
140 1734194682 3,800000 -1,000000 -101,000000 0,000000 0,000000
140 1734194683 3,800000 -1,000000 -101,000000 0,000000 0,000000
140 1734194684 1,400000 -1,000000 -101,000000 0,000000 0,000000
140 1734194685 1,400000 -1,000000 -101,000000 0,000000 0,000000
140 1734194686 1,400000 -1,000000 -101,000000 0,000000 0,000000
140 1734194687 1,400000 -1,000000 -101,000000 0,000000 0,000000
140 1734194688 1,400000 -1,000000 -101,000000 0,000000 0,000000
140 1734194689 2,400000 -1,000000 -101,000000 0,000000 0,000000
140 1734194690 2,400000 -1,000000 -101,000000 0,000000 0,000000
140 1734194691 2,400000 -1,000000 -101,000000 0,000000 0,000000
140 1734194692 2,400000 -1,000000 -101,000000 0,000000 0,000000
140 1734194693 2,400000 -1,000000 -101,000000 0,000000 0,000000
140 1734194694 3,200000 -1,000000 -101,000000 0,000000 0,000000
140 1734194695 3,200000 -1,000000 -101,000000 0,000000 0,000000
140 1734194696 3,200000 -1,000000 -101,000000 0,000000 0,000000
140 1734194697 3,200000 -1,000000 -101,000000 0,000000 0,000000
140 1734194698 3,200000 -1,000000 -101,000000 0,000000 0,000000
140 1734194699 2,600000 -1,000000 -101,000000 0,000000 0,000000
140 1734194700 2,600000 -1,000000 -101,000000 0,000000 0,000000
140 1734194701 2,600000 -1,000000 -101,000000 0,000000 0,000000
140 1734194702 2,600000 -1,000000 -101,000000 0,000000 0,000000
140 1734194703 2,600000 -1,000000 -101,000000 0,000000 0,000000
140 1734194704 3,200000 -1,000000 -101,000000 0,000000 0,000000
140 1734194705 3,200000 -1,000000 -101,000000 0,000000 0,000000
140 1734194706 3,200000 -1,000000 -101,000000 0,000000 0,000000
140 1734194707 3,200000 -1,000000 -101,000000 0,000000 0,000000
122 1734194653 0,400000 -1,000000 -101,000000 0,000000 0,000000
122 1734194709 0,400000 -1,000000 -101,000000 0,000000 0,000000
122 1734194710 0,400000 -1,000000 -101,000000 0,000000 0,000000
122 1734194711 0,400000 -1,000000 -101,000000 0,000000 0,000000
122 1734194712 0,400000 -1,000000 -101,000000 0,000000 0,000000
140 1734194708 3,200000 -1,000000 -101,000000 0,000000 0,000000
140 1734194709 4,400000 -1,000000 -101,000000 0,000000 0,000000
140 1734194710 4,400000 -1,000000 -101,000000 0,000000 0,000000
140 1734194711 4,400000 -1,000000 -101,000000 0,000000 0,000000
140 1734194712 4,400000 -1,000000 -101,000000 0,000000 0,000000
140 1734194713 4,400000 -1,000000 -101,000000 0,000000 0,000000
140 1734194714 6,800000 -1,000000 -101,000000 0,000000 0,000000
140 1734194715 6,800000 -1,000000 -101,000000 0,000000 0,000000
140 1734194716 6,800000 -1,000000 -101,000000 0,000000 0,000000
140 1734194717 6,800000 -1,000000 -101,000000 0,000000 0,000000
140 1734194718 6,800000 -1,000000 -101,000000 0,000000 0,000000
140 1734194719 4,000000 -1,000000 -101,000000 0,000000 0,000000
140 1734194720 4,000000 -1,000000 -101,000000 0,000000 0,000000
140 1734194721 4,000000 -1,000000 -101,000000 0,000000 0,000000
140 1734194722 4,000000 -1,000000 -101,000000 0,000000 0,000000
140 1734194723 4,000000 -1,000000 -101,000000 0,000000 0,000000
140 1734194724 0,400000 -1,000000 -101,000000 0,000000 0,000000
140 1734194725 0,400000 -1,000000 -101,000000 0,000000 0,000000
140 1734194726 0,400000 -1,000000 -101,000000 0,000000 0,000000
140 1734194727 0,400000 -1,000000 -101,000000 0,000000 0,000000
140 1734194728 0,400000 -1,000000 -101,000000 0,000000 0,000000
140 1734194729 3,200000 -1,000000 -101,000000 0,000000 0,000000
140 1734194730 3,200000 -1,000000 -101,000000 0,000000 0,000000
140 1734194731 3,200000 -1,000000 -101,000000 0,000000 0,000000
140 1734194732 3,200000 -1,000000 -101,000000 0,000000 0,000000
140 1734194733 3,200000 -1,000000 -101,000000 0,000000 0,000000
140 1734194734 3,200000 -1,000000 -101,000000 0,000000 0,000000
140 1734194735 3,200000 -1,000000 -101,000000 0,000000 0,000000
140 1734194736 3,200000 -1,000000 -101,000000 0,000000 0,000000
140 1734194737 3,200000 -1,000000 -101,000000 0,000000 0,000000
140 1734194738 3,200000 -1,000000 -101,000000 0,000000 0,000000
140 1734194739 5,400000 -1,000000 -101,000000 0,000000 0,000000
140 1734194740 5,400000 -1,000000 -101,000000 0,000000 0,000000
140 1734194741 5,400000 -1,000000 -101,000000 0,000000 0,000000
140 1734194742 5,400000 -1,000000 -101,000000 0,000000 0,000000
140 1734194743 5,400000 -1,000000 -101,000000 0,000000 0,000000
140 1734194744 10,000000 -1,000000 -101,000000 0,000000 0,000000
140 1734194745 10,000000 -1,000000 -101,000000 0,000000 0,000000
140 1734194746 10,000000 -1,000000 -101,000000 0,000000 0,000000
140 1734194747 10,000000 -1,000000 -101,000000 0,000000 0,000000
140 1734194748 10,000000 -1,000000 -101,000000 0,000000 0,000000
140 1734194749 3,600000 -1,000000 -101,000000 0,000000 0,000000
140 1734194750 3,600000 -1,000000 -101,000000 0,000000 0,000000
140 1734194751 3,600000 -1,000000 -101,000000 0,000000 0,000000
140 1734194752 3,600000 -1,000000 -101,000000 0,000000 0,000000
140 1734194753 3,600000 -1,000000 -101,000000 0,000000 0,000000
140 1734194754 1,200000 -1,000000 -101,000000 0,000000 0,000000
140 1734194755 1,200000 -1,000000 -101,000000 0,000000 0,000000
140 1734194756 1,200000 -1,000000 -101,000000 0,000000 0,000000
140 1734194757 1,200000 -1,000000 -101,000000 0,000000 0,000000
140 1734194758 1,200000 -1,000000 -101,000000 0,000000 0,000000
140 1734194759 1,200000 -1,000000 -101,000000 0,000000 0,000000
140 1734194760 1,200000 -1,000000 -101,000000 0,000000 0,000000
140 1734194761 1,200000 -1,000000 -101,000000 0,000000 0,000000
140 1734194762 1,200000 -1,000000 -101,000000 0,000000 0,000000
140 1734194763 1,200000 -1,000000 -101,000000 0,000000 0,000000
140 1734194764 3,200000 -1,000000 -101,000000 0,000000 0,000000
140 1734194765 3,200000 -1,000000 -101,000000 0,000000 0,000000
140 1734194766 3,200000 -1,000000 -101,000000 0,000000 0,000000
140 1734194767 3,200000 -1,000000 -101,000000 0,000000 0,000000
140 1734194768 3,200000 -1,000000 -101,000000 0,000000 0,000000
122 1734194713 0,400000 -1,000000 -101,000000 0,000000 0,000000
122 1734194769 0,400000 -1,000000 -101,000000 0,000000 0,000000
122 1734194770 0,400000 -1,000000 -101,000000 0,000000 0,000000
122 1734194771 0,400000 -1,000000 -101,000000 0,000000 0,000000
122 1734194772 0,400000 -1,000000 -101,000000 0,000000 0,000000
140 1734194774 6,600000 -1,000000 -101,000000 0,000000 0,000000
140 1734194775 6,600000 -1,000000 -101,000000 0,000000 0,000000
140 1734194776 6,600000 -1,000000 -101,000000 0,000000 0,000000
140 1734194777 6,600000 -1,000000 -101,000000 0,000000 0,000000
140 1734194778 6,600000 -1,000000 -101,000000 0,000000 0,000000
140 1734194779 5,200000 -1,000000 -101,000000 0,000000 0,000000
140 1734194780 5,200000 -1,000000 -101,000000 0,000000 0,000000
140 1734194781 5,200000 -1,000000 -101,000000 0,000000 0,000000
140 1734194782 5,200000 -1,000000 -101,000000 0,000000 0,000000
140 1734194783 5,200000 -1,000000 -101,000000 0,000000 0,000000
140 1734194784 0,400000 -1,000000 -101,000000 0,000000 0,000000
140 1734194785 0,400000 -1,000000 -101,000000 0,000000 0,000000
140 1734194786 0,400000 -1,000000 -101,000000 0,000000 0,000000
140 1734194787 0,400000 -1,000000 -101,000000 0,000000 0,000000
140 1734194788 0,400000 -1,000000 -101,000000 0,000000 0,000000
140 1734194804 3,200000 -1,000000 -101,000000 0,000000 0,000000
140 1734194805 3,200000 -1,000000 -101,000000 0,000000 0,000000
140 1734194806 3,200000 -1,000000 -101,000000 0,000000 0,000000
140 1734194807 3,200000 -1,000000 -101,000000 0,000000 0,000000
140 1734194808 3,200000 -1,000000 -101,000000 0,000000 0,000000
140 1734194809 5,400000 -1,000000 -101,000000 0,000000 0,000000
140 1734194810 5,400000 -1,000000 -101,000000 0,000000 0,000000
140 1734194811 5,400000 -1,000000 -101,000000 0,000000 0,000000
140 1734194812 5,400000 -1,000000 -101,000000 0,000000 0,000000
140 1734194813 5,400000 -1,000000 -101,000000 0,000000 0,000000
140 1734194814 16,000000 -1,000000 -101,000000 0,000000 0,000000
140 1734194815 16,000000 -1,000000 -101,000000 0,000000 0,000000
140 1734194816 16,000000 -1,000000 -101,000000 0,000000 0,000000
140 1734194817 16,000000 -1,000000 -101,000000 0,000000 0,000000
140 1734194818 16,000000 -1,000000 -101,000000 0,000000 0,000000
140 1734194819 9,000000 -1,000000 -101,000000 0,000000 0,000000
140 1734194820 9,000000 -1,000000 -101,000000 0,000000 0,000000
140 1734194821 9,000000 -1,000000 -101,000000 0,000000 0,000000
140 1734194822 9,000000 -1,000000 -101,000000 0,000000 0,000000
140 1734194823 9,000000 -1,000000 -101,000000 0,000000 0,000000
140 1734194824 4,200000 -1,000000 -101,000000 0,000000 0,000000
140 1734194825 4,200000 -1,000000 -101,000000 0,000000 0,000000
140 1734194826 4,200000 -1,000000 -101,000000 0,000000 0,000000
140 1734194827 4,200000 -1,000000 -101,000000 0,000000 0,000000
140 1734194828 4,200000 -1,000000 -101,000000 0,000000 0,000000
140 1734194829 6,000000 -1,000000 -101,000000 0,000000 0,000000
140 1734194830 6,000000 -1,000000 -101,000000 0,000000 0,000000
140 1734194831 6,000000 -1,000000 -101,000000 0,000000 0,000000
140 1734194832 6,000000 -1,000000 -101,000000 0,000000 0,000000
122 1734194773 0,400000 -1,000000 -101,000000 0,000000 0,000000
122 1734194829 0,400000 -1,000000 -101,000000 0,000000 0,000000
122 1734194830 0,400000 -1,000000 -101,000000 0,000000 0,000000
122 1734194831 0,400000 -1,000000 -101,000000 0,000000 0,000000
122 1734194832 0,400000 -1,000000 -101,000000 0,000000 0,000000
140 1734194833 6,000000 -1,000000 -101,000000 0,000000 0,000000
140 1734194834 8,400000 -1,000000 -101,000000 0,000000 0,000000
140 1734194835 8,400000 -1,000000 -101,000000 0,000000 0,000000
140 1734194836 8,400000 -1,000000 -101,000000 0,000000 0,000000
140 1734194837 8,400000 -1,000000 -101,000000 0,000000 0,000000
140 1734194838 8,400000 -1,000000 -101,000000 0,000000 0,000000
140 1734194839 3,600000 -1,000000 -101,000000 0,000000 0,000000
140 1734194840 3,600000 -1,000000 -101,000000 0,000000 0,000000
140 1734194841 3,600000 -1,000000 -101,000000 0,000000 0,000000
140 1734194842 3,600000 -1,000000 -101,000000 0,000000 0,000000
140 1734194843 3,600000 -1,000000 -101,000000 0,000000 0,000000
140 1734194844 2,600000 -1,000000 -101,000000 0,000000 0,000000
140 1734194845 2,600000 -1,000000 -101,000000 0,000000 0,000000
140 1734194846 2,600000 -1,000000 -101,000000 0,000000 0,000000
140 1734194847 2,600000 -1,000000 -101,000000 0,000000 0,000000
140 1734194848 2,600000 -1,000000 -101,000000 0,000000 0,000000
140 1734194854 1,600000 -1,000000 -101,000000 0,000000 0,000000
140 1734194855 1,600000 -1,000000 -101,000000 0,000000 0,000000
140 1734194856 1,600000 -1,000000 -101,000000 0,000000 0,000000
140 1734194857 1,600000 -1,000000 -101,000000 0,000000 0,000000
140 1734194858 1,600000 -1,000000 -101,000000 0,000000 0,000000
140 1734194859 0,400000 -1,000000 -101,000000 0,000000 0,000000
140 1734194860 0,400000 -1,000000 -101,000000 0,000000 0,000000
140 1734194861 0,400000 -1,000000 -101,000000 0,000000 0,000000
140 1734194862 0,400000 -1,000000 -101,000000 0,000000 0,000000
140 1734194863 0,400000 -1,000000 -101,000000 0,000000 0,000000
122 1734194833 0,400000 -1,000000 -101,000000 0,000000 0,000000
122 1734194889 0,400000 -1,000000 -101,000000 0,000000 0,000000
122 1734194890 0,400000 -1,000000 -101,000000 0,000000 0,000000
122 1734194891 0,400000 -1,000000 -101,000000 0,000000 0,000000
122 1734194892 0,400000 -1,000000 -101,000000 0,000000 0,000000
140 1734194879 2,600000 -1,000000 -101,000000 0,000000 0,000000
140 1734194880 2,600000 -1,000000 -101,000000 0,000000 0,000000
140 1734194881 2,600000 -1,000000 -101,000000 0,000000 0,000000
140 1734194882 2,600000 -1,000000 -101,000000 0,000000 0,000000
140 1734194883 2,600000 -1,000000 -101,000000 0,000000 0,000000
140 1734194884 6,000000 -1,000000 -101,000000 0,000000 0,000000
140 1734194885 6,000000 -1,000000 -101,000000 0,000000 0,000000
140 1734194886 6,000000 -1,000000 -101,000000 0,000000 0,000000
140 1734194887 6,000000 -1,000000 -101,000000 0,000000 0,000000
140 1734194888 6,000000 -1,000000 -101,000000 0,000000 0,000000
140 1734194889 4,400000 -1,000000 -101,000000 0,000000 0,000000
140 1734194890 4,400000 -1,000000 -101,000000 0,000000 0,000000
140 1734194891 4,400000 -1,000000 -101,000000 0,000000 0,000000
140 1734194892 4,400000 -1,000000 -101,000000 0,000000 0,000000
140 1734194893 4,400000 -1,000000 -101,000000 0,000000 0,000000
140 1734194894 7,600000 -1,000000 -101,000000 0,000000 0,000000
140 1734194895 7,600000 -1,000000 -101,000000 0,000000 0,000000
140 1734194896 7,600000 -1,000000 -101,000000 0,000000 0,000000
140 1734194897 7,600000 -1,000000 -101,000000 0,000000 0,000000
140 1734194898 7,600000 -1,000000 -101,000000 0,000000 0,000000
140 1734194899 7,600000 -1,000000 -101,000000 0,000000 0,000000
140 1734194900 7,600000 -1,000000 -101,000000 0,000000 0,000000
140 1734194901 7,600000 -1,000000 -101,000000 0,000000 0,000000
140 1734194902 7,600000 -1,000000 -101,000000 0,000000 0,000000
140 1734194903 7,600000 -1,000000 -101,000000 0,000000 0,000000
140 1734194904 7,200000 -1,000000 -101,000000 0,000000 0,000000
140 1734194905 7,200000 -1,000000 -101,000000 0,000000 0,000000
140 1734194906 7,200000 -1,000000 -101,000000 0,000000 0,000000
140 1734194907 7,200000 -1,000000 -101,000000 0,000000 0,000000
140 1734194908 7,200000 -1,000000 -101,000000 0,000000 0,000000
140 1734194909 4,800000 -1,000000 -101,000000 0,000000 0,000000
140 1734194910 4,800000 -1,000000 -101,000000 0,000000 0,000000
140 1734194911 4,800000 -1,000000 -101,000000 0,000000 0,000000
140 1734194912 4,800000 -1,000000 -101,000000 0,000000 0,000000
140 1734194913 4,800000 -1,000000 -101,000000 0,000000 0,000000
140 1734194914 3,600000 -1,000000 -101,000000 0,000000 0,000000
140 1734194915 3,600000 -1,000000 -101,000000 0,000000 0,000000
140 1734194916 3,600000 -1,000000 -101,000000 0,000000 0,000000
140 1734194917 3,600000 -1,000000 -101,000000 0,000000 0,000000
140 1734194918 3,600000 -1,000000 -101,000000 0,000000 0,000000
140 1734194919 3,000000 -1,000000 -101,000000 0,000000 0,000000
140 1734194920 3,000000 -1,000000 -101,000000 0,000000 0,000000
140 1734194921 3,000000 -1,000000 -101,000000 0,000000 0,000000
140 1734194922 3,000000 -1,000000 -101,000000 0,000000 0,000000
140 1734194923 3,000000 -1,000000 -101,000000 0,000000 0,000000
140 1734194924 2,000000 -1,000000 -101,000000 0,000000 0,000000
140 1734194925 2,000000 -1,000000 -101,000000 0,000000 0,000000
140 1734194926 2,000000 -1,000000 -101,000000 0,000000 0,000000
140 1734194927 2,000000 -1,000000 -101,000000 0,000000 0,000000
140 1734194928 2,000000 -1,000000 -101,000000 0,000000 0,000000
140 1734194929 3,600000 -1,000000 -101,000000 0,000000 0,000000
140 1734194930 3,600000 -1,000000 -101,000000 0,000000 0,000000
140 1734194931 3,600000 -1,000000 -101,000000 0,000000 0,000000
140 1734194932 3,600000 -1,000000 -101,000000 0,000000 0,000000
140 1734194933 3,600000 -1,000000 -101,000000 0,000000 0,000000
140 1734194954 17,000000 -1,000000 -101,000000 0,000000 0,000000
140 1734194955 17,000000 -1,000000 -101,000000 0,000000 0,000000
140 1734194956 17,000000 -1,000000 -101,000000 0,000000 0,000000
140 1734194957 17,000000 -1,000000 -101,000000 0,000000 0,000000
140 1734194958 17,000000 -1,000000 -101,000000 0,000000 0,000000
140 1734194959 9,000000 -1,000000 -101,000000 0,000000 0,000000
140 1734194960 9,000000 -1,000000 -101,000000 0,000000 0,000000
140 1734194961 9,000000 -1,000000 -101,000000 0,000000 0,000000
140 1734194962 9,000000 -1,000000 -101,000000 0,000000 0,000000
140 1734194963 9,000000 -1,000000 -101,000000 0,000000 0,000000
140 1734194964 1,800000 -1,000000 -101,000000 0,000000 0,000000
140 1734194965 1,800000 -1,000000 -101,000000 0,000000 0,000000
140 1734194966 1,800000 -1,000000 -101,000000 0,000000 0,000000
140 1734194967 1,800000 -1,000000 -101,000000 0,000000 0,000000
140 1734194968 1,800000 -1,000000 -101,000000 0,000000 0,000000
140 1734194969 2,400000 -1,000000 -101,000000 0,000000 0,000000
140 1734194970 2,400000 -1,000000 -101,000000 0,000000 0,000000
