112 1734193689 4,200000 -1,000000 -101,000000 0,000000 0,000000
112 1734193690 4,200000 -1,000000 -101,000000 0,000000 0,000000
112 1734193691 4,200000 -1,000000 -101,000000 0,000000 0,000000
112 1734193692 4,200000 -1,000000 -101,000000 0,000000 0,000000
112 1734193693 4,200000 -1,000000 -101,000000 0,000000 0,000000
112 1734193694 3,000000 -1,000000 -101,000000 0,000000 0,000000
112 1734193695 3,000000 -1,000000 -101,000000 0,000000 0,000000
112 1734193696 3,000000 -1,000000 -101,000000 0,000000 0,000000
112 1734193697 3,000000 -1,000000 -101,000000 0,000000 0,000000
112 1734193698 3,000000 -1,000000 -101,000000 0,000000 0,000000
112 1734193699 3,000000 -1,000000 -101,000000 0,000000 0,000000
112 1734193700 3,000000 -1,000000 -101,000000 0,000000 0,000000
112 1734193701 3,000000 -1,000000 -101,000000 0,000000 0,000000
112 1734193702 3,000000 -1,000000 -101,000000 0,000000 0,000000
112 1734193703 3,000000 -1,000000 -101,000000 0,000000 0,000000
112 1734193704 2,200000 -1,000000 -101,000000 0,000000 0,000000
112 1734193705 2,200000 -1,000000 -101,000000 0,000000 0,000000
112 1734193706 2,200000 -1,000000 -101,000000 0,000000 0,000000
112 1734193707 2,200000 -1,000000 -101,000000 0,000000 0,000000
112 1734193708 2,200000 -1,000000 -101,000000 0,000000 0,000000
112 1734193709 2,000000 -1,000000 -101,000000 0,000000 0,000000
112 1734193710 2,000000 -1,000000 -101,000000 0,000000 0,000000
112 1734193711 2,000000 -1,000000 -101,000000 0,000000 0,000000
112 1734193712 2,000000 -1,000000 -101,000000 0,000000 0,000000
112 1734193713 2,000000 -1,000000 -101,000000 0,000000 0,000000
112 1734193714 3,200000 -1,000000 -101,000000 0,000000 0,000000
112 1734193715 3,200000 -1,000000 -101,000000 0,000000 0,000000
112 1734193716 3,200000 -1,000000 -101,000000 0,000000 0,000000
112 1734193717 3,200000 -1,000000 -101,000000 0,000000 0,000000
112 1734193718 3,200000 -1,000000 -101,000000 0,000000 0,000000
112 1734193719 1,200000 -1,000000 -101,000000 0,000000 0,000000
112 1734193720 1,200000 -1,000000 -101,000000 0,000000 0,000000
112 1734193721 1,200000 -1,000000 -101,000000 0,000000 0,000000
112 1734193722 1,200000 -1,000000 -101,000000 0,000000 0,000000
112 1734193723 1,200000 -1,000000 -101,000000 0,000000 0,000000
112 1734193724 0,200000 -1,000000 -101,000000 0,000000 0,000000
112 1734193725 0,200000 -1,000000 -101,000000 0,000000 0,000000
112 1734193726 0,200000 -1,000000 -101,000000 0,000000 0,000000
112 1734193727 0,200000 -1,000000 -101,000000 0,000000 0,000000
112 1734193728 0,200000 -1,000000 -101,000000 0,000000 0,000000
112 1734193729 0,200000 -1,000000 -101,000000 0,000000 0,000000
112 1734193730 0,200000 -1,000000 -101,000000 0,000000 0,000000
112 1734193731 0,200000 -1,000000 -101,000000 0,000000 0,000000
112 1734193732 0,200000 -1,000000 -101,000000 0,000000 0,000000
112 1734193733 0,200000 -1,000000 -101,000000 0,000000 0,000000
112 1734193734 0,400000 -1,000000 -101,000000 0,000000 0,000000
112 1734193735 0,400000 -1,000000 -101,000000 0,000000 0,000000
112 1734193736 0,400000 -1,000000 -101,000000 0,000000 0,000000
112 1734193737 0,400000 -1,000000 -101,000000 0,000000 0,000000
112 1734193738 0,400000 -1,000000 -101,000000 0,000000 0,000000
112 1734193739 0,600000 -1,000000 -101,000000 0,000000 0,000000
112 1734193740 0,600000 -1,000000 -101,000000 0,000000 0,000000
112 1734193741 0,600000 -1,000000 -101,000000 0,000000 0,000000
112 1734193742 0,600000 -1,000000 -101,000000 0,000000 0,000000
112 1734193743 0,600000 -1,000000 -101,000000 0,000000 0,000000
112 1734193749 0,400000 -1,000000 -101,000000 0,000000 0,000000
112 1734193750 0,400000 -1,000000 -101,000000 0,000000 0,000000
112 1734193751 0,400000 -1,000000 -101,000000 0,000000 0,000000
112 1734193752 0,400000 -1,000000 -101,000000 0,000000 0,000000
112 1734193753 0,400000 -1,000000 -101,000000 0,000000 0,000000
112 1734193754 0,400000 -1,000000 -101,000000 0,000000 0,000000
112 1734193755 0,400000 -1,000000 -101,000000 0,000000 0,000000
112 1734193756 0,400000 -1,000000 -101,000000 0,000000 0,000000
112 1734193757 0,400000 -1,000000 -101,000000 0,000000 0,000000
112 1734193758 0,400000 -1,000000 -101,000000 0,000000 0,000000
112 1734193759 1,800000 -1,000000 -101,000000 0,000000 0,000000
112 1734193760 1,800000 -1,000000 -101,000000 0,000000 0,000000
112 1734193761 1,800000 -1,000000 -101,000000 0,000000 0,000000
112 1734193762 1,800000 -1,000000 -101,000000 0,000000 0,000000
112 1734193763 1,800000 -1,000000 -101,000000 0,000000 0,000000
112 1734193764 1,000000 -1,000000 -101,000000 0,000000 0,000000
112 1734193765 1,000000 -1,000000 -101,000000 0,000000 0,000000
112 1734193766 1,000000 -1,000000 -101,000000 0,000000 0,000000
112 1734193767 1,000000 -1,000000 -101,000000 0,000000 0,000000
112 1734193768 1,000000 -1,000000 -101,000000 0,000000 0,000000
112 1734193769 1,000000 -1,000000 -101,000000 0,000000 0,000000
112 1734193770 1,000000 -1,000000 -101,000000 0,000000 0,000000
112 1734193771 1,000000 -1,000000 -101,000000 0,000000 0,000000
112 1734193772 1,000000 -1,000000 -101,000000 0,000000 0,000000
112 1734193773 1,000000 -1,000000 -101,000000 0,000000 0,000000
112 1734193774 1,600000 -1,000000 -101,000000 0,000000 0,000000
112 1734193775 1,600000 -1,000000 -101,000000 0,000000 0,000000
112 1734193776 1,600000 -1,000000 -101,000000 0,000000 0,000000
112 1734193777 1,600000 -1,000000 -101,000000 0,000000 0,000000
112 1734193778 1,600000 -1,000000 -101,000000 0,000000 0,000000
112 1734193779 0,800000 -1,000000 -101,000000 0,000000 0,000000
112 1734193780 0,800000 -1,000000 -101,000000 0,000000 0,000000
112 1734193781 0,800000 -1,000000 -101,000000 0,000000 0,000000
112 1734193782 0,800000 -1,000000 -101,000000 0,000000 0,000000
112 1734193783 0,800000 -1,000000 -101,000000 0,000000 0,000000
112 1734193784 2,000000 -1,000000 -101,000000 0,000000 0,000000
112 1734193785 2,000000 -1,000000 -101,000000 0,000000 0,000000
112 1734193786 2,000000 -1,000000 -101,000000 0,000000 0,000000
112 1734193787 2,000000 -1,000000 -101,000000 0,000000 0,000000
112 1734193788 2,000000 -1,000000 -101,000000 0,000000 0,000000
112 1734193789 0,800000 -1,000000 -101,000000 0,000000 0,000000
112 1734193790 0,800000 -1,000000 -101,000000 0,000000 0,000000
112 1734193791 0,800000 -1,000000 -101,000000 0,000000 0,000000
112 1734193792 0,800000 -1,000000 -101,000000 0,000000 0,000000
112 1734193793 0,800000 -1,000000 -101,000000 0,000000 0,000000
112 1734193794 1,800000 -1,000000 -101,000000 0,000000 0,000000
112 1734193795 1,800000 -1,000000 -101,000000 0,000000 0,000000
112 1734193796 1,800000 -1,000000 -101,000000 0,000000 0,000000
112 1734193797 1,800000 -1,000000 -101,000000 0,000000 0,000000
112 1734193798 1,800000 -1,000000 -101,000000 0,000000 0,000000
112 1734193799 0,600000 -1,000000 -101,000000 0,000000 0,000000
112 1734193800 0,600000 -1,000000 -101,000000 0,000000 0,000000
112 1734193801 0,600000 -1,000000 -101,000000 0,000000 0,000000
112 1734193802 0,600000 -1,000000 -101,000000 0,000000 0,000000
112 1734193803 0,600000 -1,000000 -101,000000 0,000000 0,000000
112 1734193804 0,600000 -1,000000 -101,000000 0,000000 0,000000
112 1734193805 0,600000 -1,000000 -101,000000 0,000000 0,000000
112 1734193806 0,600000 -1,000000 -101,000000 0,000000 0,000000
112 1734193807 0,600000 -1,000000 -101,000000 0,000000 0,000000
112 1734193808 0,600000 -1,000000 -101,000000 0,000000 0,000000
112 1734193809 1,000000 -1,000000 -101,000000 0,000000 0,000000
112 1734193810 1,000000 -1,000000 -101,000000 0,000000 0,000000
112 1734193811 1,000000 -1,000000 -101,000000 0,000000 0,000000
112 1734193812 1,000000 -1,000000 -101,000000 0,000000 0,000000
112 1734193813 1,000000 -1,000000 -101,000000 0,000000 0,000000
112 1734193814 1,400000 -1,000000 -101,000000 0,000000 0,000000
112 1734193815 1,400000 -1,000000 -101,000000 0,000000 0,000000
112 1734193816 1,400000 -1,000000 -101,000000 0,000000 0,000000
112 1734193817 1,400000 -1,000000 -101,000000 0,000000 0,000000
112 1734193818 1,400000 -1,000000 -101,000000 0,000000 0,000000
112 1734193819 2,400000 -1,000000 -101,000000 0,000000 0,000000
112 1734193820 2,400000 -1,000000 -101,000000 0,000000 0,000000
112 1734193821 2,400000 -1,000000 -101,000000 0,000000 0,000000
112 1734193822 2,400000 -1,000000 -101,000000 0,000000 0,000000
112 1734193823 2,400000 -1,000000 -101,000000 0,000000 0,000000
112 1734193829 0,800000 -1,000000 -101,000000 0,000000 0,000000
112 1734193830 0,800000 -1,000000 -101,000000 0,000000 0,000000
112 1734193831 0,800000 -1,000000 -101,000000 0,000000 0,000000
112 1734193832 0,800000 -1,000000 -101,000000 0,000000 0,000000
112 1734193833 0,800000 -1,000000 -101,000000 0,000000 0,000000
112 1734193834 1,800000 -1,000000 -101,000000 0,000000 0,000000
112 1734193835 1,800000 -1,000000 -101,000000 0,000000 0,000000
112 1734193836 1,800000 -1,000000 -101,000000 0,000000 0,000000
112 1734193837 1,800000 -1,000000 -101,000000 0,000000 0,000000
112 1734193838 1,800000 -1,000000 -101,000000 0,000000 0,000000
112 1734193839 1,000000 -1,000000 -101,000000 0,000000 0,000000
112 1734193840 1,000000 -1,000000 -101,000000 0,000000 0,000000
112 1734193841 1,000000 -1,000000 -101,000000 0,000000 0,000000
112 1734193842 1,000000 -1,000000 -101,000000 0,000000 0,000000
112 1734193843 1,000000 -1,000000 -101,000000 0,000000 0,000000
112 1734193844 1,000000 -1,000000 -101,000000 0,000000 0,000000
112 1734193845 1,000000 -1,000000 -101,000000 0,000000 0,000000
112 1734193846 1,000000 -1,000000 -101,000000 0,000000 0,000000
112 1734193847 1,000000 -1,000000 -101,000000 0,000000 0,000000
112 1734193848 1,000000 -1,000000 -101,000000 0,000000 0,000000
112 1734193849 2,200000 -1,000000 -101,000000 0,000000 0,000000
112 1734193850 2,200000 -1,000000 -101,000000 0,000000 0,000000
112 1734193851 2,200000 -1,000000 -101,000000 0,000000 0,000000
112 1734193852 2,200000 -1,000000 -101,000000 0,000000 0,000000
112 1734193853 2,200000 -1,000000 -101,000000 0,000000 0,000000
112 1734193854 2,000000 -1,000000 -101,000000 0,000000 0,000000
112 1734193855 2,000000 -1,000000 -101,000000 0,000000 0,000000
112 1734193856 2,000000 -1,000000 -101,000000 0,000000 0,000000
112 1734193857 2,000000 -1,000000 -101,000000 0,000000 0,000000
112 1734193858 2,000000 -1,000000 -101,000000 0,000000 0,000000
112 1734193859 0,400000 -1,000000 -101,000000 0,000000 0,000000
112 1734193860 0,400000 -1,000000 -101,000000 0,000000 0,000000
112 1734193861 0,400000 -1,000000 -101,000000 0,000000 0,000000
112 1734193862 0,400000 -1,000000 -101,000000 0,000000 0,000000
112 1734193863 0,400000 -1,000000 -101,000000 0,000000 0,000000
112 1734193864 0,400000 -1,000000 -101,000000 0,000000 0,000000
112 1734193865 0,400000 -1,000000 -101,000000 0,000000 0,000000
112 1734193866 0,400000 -1,000000 -101,000000 0,000000 0,000000
112 1734193867 0,400000 -1,000000 -101,000000 0,000000 0,000000
112 1734193868 0,400000 -1,000000 -101,000000 0,000000 0,000000
112 1734193869 1,000000 -1,000000 -101,000000 0,000000 0,000000
112 1734193870 1,000000 -1,000000 -101,000000 0,000000 0,000000
112 1734193871 1,000000 -1,000000 -101,000000 0,000000 0,000000
112 1734193872 1,000000 -1,000000 -101,000000 0,000000 0,000000
112 1734193873 1,000000 -1,000000 -101,000000 0,000000 0,000000
112 1734193874 2,000000 -1,000000 -101,000000 0,000000 0,000000
112 1734193875 2,000000 -1,000000 -101,000000 0,000000 0,000000
112 1734193876 2,000000 -1,000000 -101,000000 0,000000 0,000000
112 1734193877 2,000000 -1,000000 -101,000000 0,000000 0,000000
112 1734193878 2,000000 -1,000000 -101,000000 0,000000 0,000000
112 1734193879 1,400000 -1,000000 -101,000000 0,000000 0,000000
112 1734193880 1,400000 -1,000000 -101,000000 0,000000 0,000000
112 1734193881 1,400000 -1,000000 -101,000000 0,000000 0,000000
112 1734193882 1,400000 -1,000000 -101,000000 0,000000 0,000000
112 1734193883 1,400000 -1,000000 -101,000000 0,000000 0,000000
112 1734193884 0,600000 -1,000000 -101,000000 0,000000 0,000000
112 1734193885 0,600000 -1,000000 -101,000000 0,000000 0,000000
112 1734193886 0,600000 -1,000000 -101,000000 0,000000 0,000000
112 1734193887 0,600000 -1,000000 -101,000000 0,000000 0,000000
112 1734193888 0,600000 -1,000000 -101,000000 0,000000 0,000000
112 1734193889 0,400000 -1,000000 -101,000000 0,000000 0,000000
112 1734193890 0,400000 -1,000000 -101,000000 0,000000 0,000000
112 1734193891 0,400000 -1,000000 -101,000000 0,000000 0,000000
112 1734193892 0,400000 -1,000000 -101,000000 0,000000 0,000000
112 1734193893 0,400000 -1,000000 -101,000000 0,000000 0,000000
112 1734193894 0,400000 -1,000000 -101,000000 0,000000 0,000000
112 1734193895 0,400000 -1,000000 -101,000000 0,000000 0,000000
112 1734193896 0,400000 -1,000000 -101,000000 0,000000 0,000000
112 1734193897 0,400000 -1,000000 -101,000000 0,000000 0,000000
112 1734193898 0,400000 -1,000000 -101,000000 0,000000 0,000000
112 1734193899 0,800000 -1,000000 -101,000000 0,000000 0,000000
112 1734193900 0,800000 -1,000000 -101,000000 0,000000 0,000000
112 1734193901 0,800000 -1,000000 -101,000000 0,000000 0,000000
112 1734193902 0,800000 -1,000000 -101,000000 0,000000 0,000000
112 1734193903 0,800000 -1,000000 -101,000000 0,000000 0,000000
112 1734193904 1,400000 -1,000000 -101,000000 0,000000 0,000000
112 1734193905 1,400000 -1,000000 -101,000000 0,000000 0,000000
112 1734193906 1,400000 -1,000000 -101,000000 0,000000 0,000000
112 1734193907 1,400000 -1,000000 -101,000000 0,000000 0,000000
112 1734193908 1,400000 -1,000000 -101,000000 0,000000 0,000000
112 1734193909 1,000000 -1,000000 -101,000000 0,000000 0,000000
112 1734193910 1,000000 -1,000000 -101,000000 0,000000 0,000000
112 1734193911 1,000000 -1,000000 -101,000000 0,000000 0,000000
112 1734193912 1,000000 -1,000000 -101,000000 0,000000 0,000000
112 1734193913 1,000000 -1,000000 -101,000000 0,000000 0,000000
112 1734193914 1,200000 -1,000000 -101,000000 0,000000 0,000000
112 1734193915 1,200000 -1,000000 -101,000000 0,000000 0,000000
112 1734193916 1,200000 -1,000000 -101,000000 0,000000 0,000000
112 1734193917 1,200000 -1,000000 -101,000000 0,000000 0,000000
112 1734193918 1,200000 -1,000000 -101,000000 0,000000 0,000000
112 1734193919 2,200000 -1,000000 -101,000000 0,000000 0,000000
112 1734193920 2,200000 -1,000000 -101,000000 0,000000 0,000000
112 1734193921 2,200000 -1,000000 -101,000000 0,000000 0,000000
112 1734193922 2,200000 -1,000000 -101,000000 0,000000 0,000000
112 1734193923 2,200000 -1,000000 -101,000000 0,000000 0,000000
112 1734193924 1,600000 -1,000000 -101,000000 0,000000 0,000000
112 1734193925 1,600000 -1,000000 -101,000000 0,000000 0,000000
112 1734193926 1,600000 -1,000000 -101,000000 0,000000 0,000000
112 1734193927 1,600000 -1,000000 -101,000000 0,000000 0,000000
112 1734193928 1,600000 -1,000000 -101,000000 0,000000 0,000000
112 1734193929 0,800000 -1,000000 -101,000000 0,000000 0,000000
112 1734193930 0,800000 -1,000000 -101,000000 0,000000 0,000000
112 1734193931 0,800000 -1,000000 -101,000000 0,000000 0,000000
112 1734193932 0,800000 -1,000000 -101,000000 0,000000 0,000000
112 1734193933 0,800000 -1,000000 -101,000000 0,000000 0,000000
112 1734193934 0,800000 -1,000000 -101,000000 0,000000 0,000000
112 1734193935 0,800000 -1,000000 -101,000000 0,000000 0,000000
112 1734193936 0,800000 -1,000000 -101,000000 0,000000 0,000000
112 1734193937 0,800000 -1,000000 -101,000000 0,000000 0,000000
112 1734193938 0,800000 -1,000000 -101,000000 0,000000 0,000000
112 1734193939 1,800000 -1,000000 -101,000000 0,000000 0,000000
112 1734193940 1,800000 -1,000000 -101,000000 0,000000 0,000000
112 1734193941 1,800000 -1,000000 -101,000000 0,000000 0,000000
112 1734193942 1,800000 -1,000000 -101,000000 0,000000 0,000000
112 1734193943 1,800000 -1,000000 -101,000000 0,000000 0,000000
112 1734193944 0,600000 -1,000000 -101,000000 0,000000 0,000000
112 1734193945 0,600000 -1,000000 -101,000000 0,000000 0,000000
112 1734193946 0,600000 -1,000000 -101,000000 0,000000 0,000000
112 1734193947 0,600000 -1,000000 -101,000000 0,000000 0,000000
112 1734193948 0,600000 -1,000000 -101,000000 0,000000 0,000000
112 1734193949 0,600000 -1,000000 -101,000000 0,000000 0,000000
112 1734193950 0,600000 -1,000000 -101,000000 0,000000 0,000000
112 1734193951 0,600000 -1,000000 -101,000000 0,000000 0,000000
112 1734193952 0,600000 -1,000000 -101,000000 0,000000 0,000000
112 1734193953 0,600000 -1,000000 -101,000000 0,000000 0,000000
112 1734193954 2,000000 -1,000000 -101,000000 0,000000 0,000000
112 1734193955 2,000000 -1,000000 -101,000000 0,000000 0,000000
112 1734193956 2,000000 -1,000000 -101,000000 0,000000 0,000000
112 1734193957 2,000000 -1,000000 -101,000000 0,000000 0,000000
112 1734193958 2,000000 -1,000000 -101,000000 0,000000 0,000000
112 1734193969 0,800000 -1,000000 -101,000000 0,000000 0,000000
112 1734193970 0,800000 -1,000000 -101,000000 0,000000 0,000000
112 1734193971 0,800000 -1,000000 -101,000000 0,000000 0,000000
112 1734193972 0,800000 -1,000000 -101,000000 0,000000 0,000000
112 1734193973 0,800000 -1,000000 -101,000000 0,000000 0,000000
112 1734193974 1,600000 -1,000000 -101,000000 0,000000 0,000000
112 1734193975 1,600000 -1,000000 -101,000000 0,000000 0,000000
112 1734193976 1,600000 -1,000000 -101,000000 0,000000 0,000000
112 1734193977 1,600000 -1,000000 -101,000000 0,000000 0,000000
112 1734193978 1,600000 -1,000000 -101,000000 0,000000 0,000000
112 1734193979 1,000000 -1,000000 -101,000000 0,000000 0,000000
112 1734193980 1,000000 -1,000000 -101,000000 0,000000 0,000000
112 1734193981 1,000000 -1,000000 -101,000000 0,000000 0,000000
112 1734193982 1,000000 -1,000000 -101,000000 0,000000 0,000000
112 1734193983 1,000000 -1,000000 -101,000000 0,000000 0,000000
112 1734193984 1,000000 -1,000000 -101,000000 0,000000 0,000000
112 1734193985 1,000000 -1,000000 -101,000000 0,000000 0,000000
112 1734193986 1,000000 -1,000000 -101,000000 0,000000 0,000000
112 1734193987 1,000000 -1,000000 -101,000000 0,000000 0,000000
112 1734193988 1,000000 -1,000000 -101,000000 0,000000 0,000000
112 1734193989 2,200000 -1,000000 -101,000000 0,000000 0,000000
112 1734193990 2,200000 -1,000000 -101,000000 0,000000 0,000000
112 1734193991 2,200000 -1,000000 -101,000000 0,000000 0,000000
112 1734193992 2,200000 -1,000000 -101,000000 0,000000 0,000000
112 1734193993 2,200000 -1,000000 -101,000000 0,000000 0,000000
112 1734193994 3,000000 -1,000000 -101,000000 0,000000 0,000000
112 1734193995 3,000000 -1,000000 -101,000000 0,000000 0,000000
112 1734193996 3,000000 -1,000000 -101,000000 0,000000 0,000000
112 1734193997 3,000000 -1,000000 -101,000000 0,000000 0,000000
112 1734193998 3,000000 -1,000000 -101,000000 0,000000 0,000000
112 1734193999 1,600000 -1,000000 -101,000000 0,000000 0,000000
112 1734194000 1,600000 -1,000000 -101,000000 0,000000 0,000000
112 1734194001 1,600000 -1,000000 -101,000000 0,000000 0,000000
112 1734194002 1,600000 -1,000000 -101,000000 0,000000 0,000000
112 1734194003 1,600000 -1,000000 -101,000000 0,000000 0,000000
112 1734194004 0,400000 -1,000000 -101,000000 0,000000 0,000000
112 1734194005 0,400000 -1,000000 -101,000000 0,000000 0,000000
112 1734194006 0,400000 -1,000000 -101,000000 0,000000 0,000000
112 1734194007 0,400000 -1,000000 -101,000000 0,000000 0,000000
112 1734194008 0,400000 -1,000000 -101,000000 0,000000 0,000000
112 1734194009 0,800000 -1,000000 -101,000000 0,000000 0,000000
112 1734194010 0,800000 -1,000000 -101,000000 0,000000 0,000000
112 1734194011 0,800000 -1,000000 -101,000000 0,000000 0,000000
112 1734194012 0,800000 -1,000000 -101,000000 0,000000 0,000000
112 1734194013 0,800000 -1,000000 -101,000000 0,000000 0,000000
112 1734194014 1,200000 -1,000000 -101,000000 0,000000 0,000000
112 1734194015 1,200000 -1,000000 -101,000000 0,000000 0,000000
112 1734194016 1,200000 -1,000000 -101,000000 0,000000 0,000000
112 1734194017 1,200000 -1,000000 -101,000000 0,000000 0,000000
112 1734194018 1,200000 -1,000000 -101,000000 0,000000 0,000000
112 1734194019 1,800000 -1,000000 -101,000000 0,000000 0,000000
112 1734194020 1,800000 -1,000000 -101,000000 0,000000 0,000000
112 1734194021 1,800000 -1,000000 -101,000000 0,000000 0,000000
112 1734194022 1,800000 -1,000000 -101,000000 0,000000 0,000000
112 1734194023 1,800000 -1,000000 -101,000000 0,000000 0,000000
112 1734194024 0,600000 -1,000000 -101,000000 0,000000 0,000000
112 1734194025 0,600000 -1,000000 -101,000000 0,000000 0,000000
112 1734194026 0,600000 -1,000000 -101,000000 0,000000 0,000000
112 1734194027 0,600000 -1,000000 -101,000000 0,000000 0,000000
112 1734194028 0,600000 -1,000000 -101,000000 0,000000 0,000000
112 1734194029 1,000000 -1,000000 -101,000000 0,000000 0,000000
112 1734194030 1,000000 -1,000000 -101,000000 0,000000 0,000000
112 1734194031 1,000000 -1,000000 -101,000000 0,000000 0,000000
112 1734194032 1,000000 -1,000000 -101,000000 0,000000 0,000000
112 1734194033 1,000000 -1,000000 -101,000000 0,000000 0,000000
112 1734194034 1,200000 -1,000000 -101,000000 0,000000 0,000000
112 1734194035 1,200000 -1,000000 -101,000000 0,000000 0,000000
112 1734194036 1,200000 -1,000000 -101,000000 0,000000 0,000000
112 1734194037 1,200000 -1,000000 -101,000000 0,000000 0,000000
112 1734194038 1,200000 -1,000000 -101,000000 0,000000 0,000000
112 1734194039 0,400000 -1,000000 -101,000000 0,000000 0,000000
112 1734194040 0,400000 -1,000000 -101,000000 0,000000 0,000000
112 1734194041 0,400000 -1,000000 -101,000000 0,000000 0,000000
112 1734194042 0,400000 -1,000000 -101,000000 0,000000 0,000000
112 1734194043 0,400000 -1,000000 -101,000000 0,000000 0,000000
112 1734194044 0,800000 -1,000000 -101,000000 0,000000 0,000000
112 1734194045 0,800000 -1,000000 -101,000000 0,000000 0,000000
112 1734194046 0,800000 -1,000000 -101,000000 0,000000 0,000000
112 1734194047 0,800000 -1,000000 -101,000000 0,000000 0,000000
112 1734194048 0,800000 -1,000000 -101,000000 0,000000 0,000000
112 1734194049 1,000000 -1,000000 -101,000000 0,000000 0,000000
112 1734194050 1,000000 -1,000000 -101,000000 0,000000 0,000000
112 1734194051 1,000000 -1,000000 -101,000000 0,000000 0,000000
112 1734194052 1,000000 -1,000000 -101,000000 0,000000 0,000000
112 1734194053 1,000000 -1,000000 -101,000000 0,000000 0,000000
112 1734194054 1,200000 -1,000000 -101,000000 0,000000 0,000000
112 1734194055 1,200000 -1,000000 -101,000000 0,000000 0,000000
112 1734194056 1,200000 -1,000000 -101,000000 0,000000 0,000000
112 1734194057 1,200000 -1,000000 -101,000000 0,000000 0,000000
112 1734194058 1,200000 -1,000000 -101,000000 0,000000 0,000000
112 1734194059 1,800000 -1,000000 -101,000000 0,000000 0,000000
112 1734194060 1,800000 -1,000000 -101,000000 0,000000 0,000000
112 1734194061 1,800000 -1,000000 -101,000000 0,000000 0,000000
112 1734194062 1,800000 -1,000000 -101,000000 0,000000 0,000000
112 1734194063 1,800000 -1,000000 -101,000000 0,000000 0,000000
112 1734194064 2,200000 -1,000000 -101,000000 0,000000 0,000000
112 1734194065 2,200000 -1,000000 -101,000000 0,000000 0,000000
112 1734194066 2,200000 -1,000000 -101,000000 0,000000 0,000000
112 1734194067 2,200000 -1,000000 -101,000000 0,000000 0,000000
112 1734194068 2,200000 -1,000000 -101,000000 0,000000 0,000000
112 1734194084 0,200000 -1,000000 -101,000000 0,000000 0,000000
112 1734194085 0,200000 -1,000000 -101,000000 0,000000 0,000000
112 1734194086 0,200000 -1,000000 -101,000000 0,000000 0,000000
112 1734194087 0,200000 -1,000000 -101,000000 0,000000 0,000000
112 1734194088 0,200000 -1,000000 -101,000000 0,000000 0,000000
112 1734194089 0,600000 -1,000000 -101,000000 0,000000 0,000000
112 1734194090 0,600000 -1,000000 -101,000000 0,000000 0,000000
112 1734194091 0,600000 -1,000000 -101,000000 0,000000 0,000000
112 1734194092 0,600000 -1,000000 -101,000000 0,000000 0,000000
112 1734194093 0,600000 -1,000000 -101,000000 0,000000 0,000000
112 1734194094 1,200000 -1,000000 -101,000000 0,000000 0,000000
112 1734194095 1,200000 -1,000000 -101,000000 0,000000 0,000000
112 1734194096 1,200000 -1,000000 -101,000000 0,000000 0,000000
112 1734194097 1,200000 -1,000000 -101,000000 0,000000 0,000000
112 1734194098 1,200000 -1,000000 -101,000000 0,000000 0,000000
112 1734194099 1,400000 -1,000000 -101,000000 0,000000 0,000000
112 1734194100 1,400000 -1,000000 -101,000000 0,000000 0,000000
112 1734194101 1,400000 -1,000000 -101,000000 0,000000 0,000000
112 1734194102 1,400000 -1,000000 -101,000000 0,000000 0,000000
112 1734194103 1,400000 -1,000000 -101,000000 0,000000 0,000000
112 1734194104 0,800000 -1,000000 -101,000000 0,000000 0,000000
112 1734194105 0,800000 -1,000000 -101,000000 0,000000 0,000000
112 1734194106 0,800000 -1,000000 -101,000000 0,000000 0,000000
112 1734194107 0,800000 -1,000000 -101,000000 0,000000 0,000000
112 1734194108 0,800000 -1,000000 -101,000000 0,000000 0,000000
112 1734194109 2,000000 -1,000000 -101,000000 0,000000 0,000000
112 1734194110 2,000000 -1,000000 -101,000000 0,000000 0,000000
112 1734194111 2,000000 -1,000000 -101,000000 0,000000 0,000000
112 1734194112 2,000000 -1,000000 -101,000000 0,000000 0,000000
112 1734194113 2,000000 -1,000000 -101,000000 0,000000 0,000000
112 1734194114 3,400000 -1,000000 -101,000000 0,000000 0,000000
112 1734194115 3,400000 -1,000000 -101,000000 0,000000 0,000000
112 1734194116 3,400000 -1,000000 -101,000000 0,000000 0,000000
112 1734194117 3,400000 -1,000000 -101,000000 0,000000 0,000000
112 1734194118 3,400000 -1,000000 -101,000000 0,000000 0,000000
112 1734194119 2,600000 -1,000000 -101,000000 0,000000 0,000000
112 1734194120 2,600000 -1,000000 -101,000000 0,000000 0,000000
112 1734194121 2,600000 -1,000000 -101,000000 0,000000 0,000000
112 1734194122 2,600000 -1,000000 -101,000000 0,000000 0,000000
112 1734194123 2,600000 -1,000000 -101,000000 0,000000 0,000000
112 1734194124 2,200000 -1,000000 -101,000000 0,000000 0,000000
112 1734194125 2,200000 -1,000000 -101,000000 0,000000 0,000000
112 1734194126 2,200000 -1,000000 -101,000000 0,000000 0,000000
112 1734194127 2,200000 -1,000000 -101,000000 0,000000 0,000000
112 1734194128 2,200000 -1,000000 -101,000000 0,000000 0,000000
112 1734194129 1,400000 -1,000000 -101,000000 0,000000 0,000000
112 1734194130 1,400000 -1,000000 -101,000000 0,000000 0,000000
112 1734194131 1,400000 -1,000000 -101,000000 0,000000 0,000000
112 1734194132 1,400000 -1,000000 -101,000000 0,000000 0,000000
112 1734194133 1,400000 -1,000000 -101,000000 0,000000 0,000000
112 1734194134 2,400000 -1,000000 -101,000000 0,000000 0,000000
112 1734194135 2,400000 -1,000000 -101,000000 0,000000 0,000000
112 1734194136 2,400000 -1,000000 -101,000000 0,000000 0,000000
112 1734194137 2,400000 -1,000000 -101,000000 0,000000 0,000000
112 1734194138 2,400000 -1,000000 -101,000000 0,000000 0,000000
112 1734194154 0,200000 -1,000000 -101,000000 0,000000 0,000000
112 1734194155 0,200000 -1,000000 -101,000000 0,000000 0,000000
112 1734194156 0,200000 -1,000000 -101,000000 0,000000 0,000000
112 1734194157 0,200000 -1,000000 -101,000000 0,000000 0,000000
112 1734194158 0,200000 -1,000000 -101,000000 0,000000 0,000000
112 1734194159 0,200000 -1,000000 -101,000000 0,000000 0,000000
112 1734194160 0,200000 -1,000000 -101,000000 0,000000 0,000000
112 1734194161 0,200000 -1,000000 -101,000000 0,000000 0,000000
112 1734194162 0,200000 -1,000000 -101,000000 0,000000 0,000000
112 1734194163 0,200000 -1,000000 -101,000000 0,000000 0,000000
112 1734194164 0,200000 -1,000000 -101,000000 0,000000 0,000000
112 1734194165 0,200000 -1,000000 -101,000000 0,000000 0,000000
112 1734194166 0,200000 -1,000000 -101,000000 0,000000 0,000000
112 1734194167 0,200000 -1,000000 -101,000000 0,000000 0,000000
112 1734194168 0,200000 -1,000000 -101,000000 0,000000 0,000000
112 1734194169 1,000000 -1,000000 -101,000000 0,000000 0,000000
112 1734194170 1,000000 -1,000000 -101,000000 0,000000 0,000000
112 1734194171 1,000000 -1,000000 -101,000000 0,000000 0,000000
112 1734194172 1,000000 -1,000000 -101,000000 0,000000 0,000000
112 1734194173 1,000000 -1,000000 -101,000000 0,000000 0,000000
112 1734194174 1,400000 -1,000000 -101,000000 0,000000 0,000000
112 1734194175 1,400000 -1,000000 -101,000000 0,000000 0,000000
112 1734194176 1,400000 -1,000000 -101,000000 0,000000 0,000000
112 1734194177 1,400000 -1,000000 -101,000000 0,000000 0,000000
112 1734194178 1,400000 -1,000000 -101,000000 0,000000 0,000000
112 1734194179 2,000000 -1,000000 -101,000000 0,000000 0,000000
112 1734194180 2,000000 -1,000000 -101,000000 0,000000 0,000000
112 1734194181 2,000000 -1,000000 -101,000000 0,000000 0,000000
112 1734194182 2,000000 -1,000000 -101,000000 0,000000 0,000000
112 1734194183 2,000000 -1,000000 -101,000000 0,000000 0,000000
112 1734194184 1,200000 -1,000000 -101,000000 0,000000 0,000000
112 1734194185 1,200000 -1,000000 -101,000000 0,000000 0,000000
112 1734194186 1,200000 -1,000000 -101,000000 0,000000 0,000000
112 1734194187 1,200000 -1,000000 -101,000000 0,000000 0,000000
112 1734194188 1,200000 -1,000000 -101,000000 0,000000 0,000000
112 1734194189 0,800000 -1,000000 -101,000000 0,000000 0,000000
112 1734194190 0,800000 -1,000000 -101,000000 0,000000 0,000000
112 1734194191 0,800000 -1,000000 -101,000000 0,000000 0,000000
112 1734194192 0,800000 -1,000000 -101,000000 0,000000 0,000000
112 1734194193 0,800000 -1,000000 -101,000000 0,000000 0,000000
112 1734194194 2,400000 -1,000000 -101,000000 0,000000 0,000000
112 1734194195 2,400000 -1,000000 -101,000000 0,000000 0,000000
112 1734194196 2,400000 -1,000000 -101,000000 0,000000 0,000000
112 1734194197 2,400000 -1,000000 -101,000000 0,000000 0,000000
112 1734194198 2,400000 -1,000000 -101,000000 0,000000 0,000000
112 1734194199 1,000000 -1,000000 -101,000000 0,000000 0,000000
112 1734194200 1,000000 -1,000000 -101,000000 0,000000 0,000000
112 1734194201 1,000000 -1,000000 -101,000000 0,000000 0,000000
112 1734194202 1,000000 -1,000000 -101,000000 0,000000 0,000000
112 1734194203 1,000000 -1,000000 -101,000000 0,000000 0,000000
112 1734194204 2,200000 -1,000000 -101,000000 0,000000 0,000000
112 1734194205 2,200000 -1,000000 -101,000000 0,000000 0,000000
112 1734194206 2,200000 -1,000000 -101,000000 0,000000 0,000000
112 1734194207 2,200000 -1,000000 -101,000000 0,000000 0,000000
112 1734194208 2,200000 -1,000000 -101,000000 0,000000 0,000000
112 1734194209 1,000000 -1,000000 -101,000000 0,000000 0,000000
112 1734194210 1,000000 -1,000000 -101,000000 0,000000 0,000000
112 1734194211 1,000000 -1,000000 -101,000000 0,000000 0,000000
112 1734194212 1,000000 -1,000000 -101,000000 0,000000 0,000000
112 1734194213 1,000000 -1,000000 -101,000000 0,000000 0,000000
112 1734194214 0,400000 -1,000000 -101,000000 0,000000 0,000000
112 1734194215 0,400000 -1,000000 -101,000000 0,000000 0,000000
112 1734194216 0,400000 -1,000000 -101,000000 0,000000 0,000000
112 1734194217 0,400000 -1,000000 -101,000000 0,000000 0,000000
112 1734194218 0,400000 -1,000000 -101,000000 0,000000 0,000000
112 1734194219 0,400000 -1,000000 -101,000000 0,000000 0,000000
112 1734194220 0,400000 -1,000000 -101,000000 0,000000 0,000000
112 1734194221 0,400000 -1,000000 -101,000000 0,000000 0,000000
112 1734194283 0,600000 -1,000000 0,600000 0,600000 0,000000
112 1734194282 0,600000 -1,000000 0,600000 0,600000 0,000000
112 1734194281 0,600000 -1,000000 0,600000 0,600000 0,000000
112 1734194280 0,600000 -1,000000 0,600000 0,600000 0,000000
112 1734194279 0,600000 -1,000000 0,600000 0,600000 0,000000
112 1734194278 3,200000 -1,000000 3,200000 3,200000 0,000000
112 1734194277 3,200000 -1,000000 3,200000 3,200000 0,000000
112 1734194276 3,200000 -1,000000 3,200000 3,200000 0,000000
112 1734194275 3,200000 -1,000000 3,200000 3,200000 0,000000
112 1734194274 3,200000 -1,000000 3,200000 3,200000 0,000000
112 1734194273 1,800000 -1,000000 1,800000 1,800000 0,000000
112 1734194272 1,800000 -1,000000 1,800000 1,800000 0,000000
112 1734194271 1,800000 -1,000000 1,800000 1,800000 0,000000
112 1734194270 1,800000 -1,000000 1,800000 1,800000 0,000000
112 1734194269 1,800000 -1,000000 1,800000 1,800000 0,000000
112 1734194268 1,400000 -1,000000 1,400000 1,400000 0,000000
112 1734194267 1,400000 -1,000000 1,400000 1,400000 0,000000
112 1734194266 1,400000 -1,000000 1,400000 1,400000 0,000000
112 1734194265 1,400000 -1,000000 1,400000 1,400000 0,000000
112 1734194264 1,400000 -1,000000 1,400000 1,400000 0,000000
112 1734194263 1,200000 -1,000000 1,200000 1,200000 0,000000
112 1734194262 1,200000 -1,000000 1,200000 1,200000 0,000000
112 1734194261 1,200000 -1,000000 1,200000 1,200000 0,000000
112 1734194260 1,200000 -1,000000 1,200000 1,200000 0,000000
112 1734194259 1,200000 -1,000000 1,200000 1,200000 0,000000
112 1734194258 1,800000 -1,000000 1,800000 1,800000 0,000000
112 1734194257 1,800000 -1,000000 1,800000 1,800000 0,000000
112 1734194256 1,800000 -1,000000 1,800000 1,800000 0,000000
112 1734194255 1,800000 -1,000000 1,800000 1,800000 0,000000
112 1734194254 1,800000 -1,000000 1,800000 1,800000 0,000000
112 1734194253 1,200000 -1,000000 1,200000 1,200000 0,000000
112 1734194252 1,200000 -1,000000 1,200000 1,200000 0,000000
112 1734194251 1,200000 -1,000000 1,200000 1,200000 0,000000
112 1734194250 1,200000 -1,000000 1,200000 1,200000 0,000000
112 1734194249 1,200000 -1,000000 1,200000 1,200000 0,000000
112 1734194248 0,600000 -1,000000 0,600000 0,600000 0,000000
112 1734194247 0,600000 -1,000000 0,600000 0,600000 0,000000
112 1734194246 0,600000 -1,000000 0,600000 0,600000 0,000000
112 1734194245 0,600000 -1,000000 0,600000 0,600000 0,000000
112 1734194244 0,600000 -1,000000 0,600000 0,600000 0,000000
112 1734194243 1,400000 -1,000000 1,400000 1,400000 0,000000
112 1734194242 1,400000 -1,000000 1,400000 1,400000 0,000000
112 1734194241 1,400000 -1,000000 1,400000 1,400000 0,000000
112 1734194240 1,400000 -1,000000 1,400000 1,400000 0,000000
112 1734194239 1,400000 -1,000000 1,400000 1,400000 0,000000
112 1734194238 0,800000 -1,000000 0,800000 0,800000 0,000000
112 1734194237 0,800000 -1,000000 0,800000 0,800000 0,000000
112 1734194236 0,800000 -1,000000 0,800000 0,800000 0,000000
112 1734194235 0,800000 -1,000000 0,800000 0,800000 0,000000
112 1734194234 0,800000 -1,000000 0,800000 0,800000 0,000000
112 1734194233 0,600000 -1,000000 0,600000 0,600000 0,000000
112 1734194232 0,600000 -1,000000 0,600000 0,600000 0,000000
112 1734194231 0,600000 -1,000000 0,600000 0,600000 0,000000
112 1734194230 0,600000 -1,000000 0,600000 0,600000 0,000000
112 1734194229 0,600000 -1,000000 0,600000 0,600000 0,000000
112 1734194228 1,200000 -1,000000 1,200000 1,200000 0,000000
112 1734194227 1,200000 -1,000000 1,200000 1,200000 0,000000
112 1734194226 1,200000 -1,000000 1,200000 1,200000 0,000000
112 1734194225 1,200000 -1,000000 1,200000 1,200000 0,000000
112 1734194224 1,200000 -1,000000 1,200000 1,200000 0,000000
112 1734194223 0,400000 -1,000000 0,400000 0,400000 0,000000
112 1734194222 0,400000 -1,000000 0,400000 0,400000 0,000000
112 1734194222 0,400000 -1,000000 -101,000000 0,000000 0,000000
112 1734194223 0,400000 -1,000000 -101,000000 0,000000 0,000000
112 1734194224 1,200000 -1,000000 -101,000000 0,000000 0,000000
112 1734194225 1,200000 -1,000000 -101,000000 0,000000 0,000000
112 1734194226 1,200000 -1,000000 -101,000000 0,000000 0,000000
112 1734194227 1,200000 -1,000000 -101,000000 0,000000 0,000000
112 1734194228 1,200000 -1,000000 -101,000000 0,000000 0,000000
112 1734194229 0,600000 -1,000000 -101,000000 0,000000 0,000000
112 1734194230 0,600000 -1,000000 -101,000000 0,000000 0,000000
112 1734194231 0,600000 -1,000000 -101,000000 0,000000 0,000000
112 1734194232 0,600000 -1,000000 -101,000000 0,000000 0,000000
112 1734194233 0,600000 -1,000000 -101,000000 0,000000 0,000000
112 1734194234 0,800000 -1,000000 -101,000000 0,000000 0,000000
112 1734194235 0,800000 -1,000000 -101,000000 0,000000 0,000000
112 1734194236 0,800000 -1,000000 -101,000000 0,000000 0,000000
112 1734194237 0,800000 -1,000000 -101,000000 0,000000 0,000000
112 1734194238 0,800000 -1,000000 -101,000000 0,000000 0,000000
112 1734194239 1,400000 -1,000000 -101,000000 0,000000 0,000000
112 1734194240 1,400000 -1,000000 -101,000000 0,000000 0,000000
112 1734194241 1,400000 -1,000000 -101,000000 0,000000 0,000000
112 1734194242 1,400000 -1,000000 -101,000000 0,000000 0,000000
112 1734194243 1,400000 -1,000000 -101,000000 0,000000 0,000000
112 1734194244 0,600000 -1,000000 -101,000000 0,000000 0,000000
112 1734194245 0,600000 -1,000000 -101,000000 0,000000 0,000000
112 1734194246 0,600000 -1,000000 -101,000000 0,000000 0,000000
112 1734194247 0,600000 -1,000000 -101,000000 0,000000 0,000000
112 1734194248 0,600000 -1,000000 -101,000000 0,000000 0,000000
112 1734194249 1,200000 -1,000000 -101,000000 0,000000 0,000000
112 1734194250 1,200000 -1,000000 -101,000000 0,000000 0,000000
112 1734194251 1,200000 -1,000000 -101,000000 0,000000 0,000000
112 1734194252 1,200000 -1,000000 -101,000000 0,000000 0,000000
112 1734194253 1,200000 -1,000000 -101,000000 0,000000 0,000000
112 1734194254 1,800000 -1,000000 -101,000000 0,000000 0,000000
112 1734194255 1,800000 -1,000000 -101,000000 0,000000 0,000000
112 1734194256 1,800000 -1,000000 -101,000000 0,000000 0,000000
112 1734194257 1,800000 -1,000000 -101,000000 0,000000 0,000000
112 1734194258 1,800000 -1,000000 -101,000000 0,000000 0,000000
112 1734194259 1,200000 -1,000000 -101,000000 0,000000 0,000000
112 1734194260 1,200000 -1,000000 -101,000000 0,000000 0,000000
112 1734194261 1,200000 -1,000000 -101,000000 0,000000 0,000000
112 1734194262 1,200000 -1,000000 -101,000000 0,000000 0,000000
112 1734194263 1,200000 -1,000000 -101,000000 0,000000 0,000000
112 1734194264 1,400000 -1,000000 -101,000000 0,000000 0,000000
112 1734194265 1,400000 -1,000000 -101,000000 0,000000 0,000000
112 1734194266 1,400000 -1,000000 -101,000000 0,000000 0,000000
112 1734194267 1,400000 -1,000000 -101,000000 0,000000 0,000000
112 1734194268 1,400000 -1,000000 -101,000000 0,000000 0,000000
112 1734194269 1,800000 -1,000000 -101,000000 0,000000 0,000000
112 1734194270 1,800000 -1,000000 -101,000000 0,000000 0,000000
112 1734194271 1,800000 -1,000000 -101,000000 0,000000 0,000000
112 1734194272 1,800000 -1,000000 -101,000000 0,000000 0,000000
112 1734194273 1,800000 -1,000000 -101,000000 0,000000 0,000000
112 1734194274 3,200000 -1,000000 -101,000000 0,000000 0,000000
112 1734194275 3,200000 -1,000000 -101,000000 0,000000 0,000000
112 1734194276 3,200000 -1,000000 -101,000000 0,000000 0,000000
112 1734194277 3,200000 -1,000000 -101,000000 0,000000 0,000000
112 1734194278 3,200000 -1,000000 -101,000000 0,000000 0,000000
112 1734194279 0,600000 -1,000000 -101,000000 0,000000 0,000000
112 1734194280 0,600000 -1,000000 -101,000000 0,000000 0,000000
112 1734194281 0,600000 -1,000000 -101,000000 0,000000 0,000000
112 1734194282 0,600000 -1,000000 -101,000000 0,000000 0,000000
112 1734194283 0,600000 -1,000000 -101,000000 0,000000 0,000000
112 1734194289 0,400000 -1,000000 -101,000000 0,000000 0,000000
112 1734194290 0,400000 -1,000000 -101,000000 0,000000 0,000000
112 1734194291 0,400000 -1,000000 -101,000000 0,000000 0,000000
112 1734194292 0,400000 -1,000000 -101,000000 0,000000 0,000000
112 1734194293 0,400000 -1,000000 -101,000000 0,000000 0,000000
112 1734194294 0,800000 -1,000000 -101,000000 0,000000 0,000000
112 1734194295 0,800000 -1,000000 -101,000000 0,000000 0,000000
112 1734194296 0,800000 -1,000000 -101,000000 0,000000 0,000000
112 1734194297 0,800000 -1,000000 -101,000000 0,000000 0,000000
112 1734194298 0,800000 -1,000000 -101,000000 0,000000 0,000000
112 1734194299 1,800000 -1,000000 -101,000000 0,000000 0,000000
112 1734194300 1,800000 -1,000000 -101,000000 0,000000 0,000000
112 1734194301 1,800000 -1,000000 -101,000000 0,000000 0,000000
112 1734194302 1,800000 -1,000000 -101,000000 0,000000 0,000000
112 1734194303 1,800000 -1,000000 -101,000000 0,000000 0,000000
112 1734194304 0,600000 -1,000000 -101,000000 0,000000 0,000000
112 1734194305 0,600000 -1,000000 -101,000000 0,000000 0,000000
112 1734194306 0,600000 -1,000000 -101,000000 0,000000 0,000000
112 1734194307 0,600000 -1,000000 -101,000000 0,000000 0,000000
112 1734194308 0,600000 -1,000000 -101,000000 0,000000 0,000000
112 1734194309 0,600000 -1,000000 -101,000000 0,000000 0,000000
112 1734194310 0,600000 -1,000000 -101,000000 0,000000 0,000000
112 1734194311 0,600000 -1,000000 -101,000000 0,000000 0,000000
112 1734194312 0,600000 -1,000000 -101,000000 0,000000 0,000000
112 1734194313 0,600000 -1,000000 -101,000000 0,000000 0,000000
112 1734194314 1,200000 -1,000000 -101,000000 0,000000 0,000000
112 1734194315 1,200000 -1,000000 -101,000000 0,000000 0,000000
112 1734194316 1,200000 -1,000000 -101,000000 0,000000 0,000000
112 1734194317 1,200000 -1,000000 -101,000000 0,000000 0,000000
112 1734194318 1,200000 -1,000000 -101,000000 0,000000 0,000000
112 1734194319 0,800000 -1,000000 -101,000000 0,000000 0,000000
112 1734194320 0,800000 -1,000000 -101,000000 0,000000 0,000000
112 1734194321 0,800000 -1,000000 -101,000000 0,000000 0,000000
112 1734194322 0,800000 -1,000000 -101,000000 0,000000 0,000000
112 1734194323 0,800000 -1,000000 -101,000000 0,000000 0,000000
112 1734194324 2,000000 -1,000000 -101,000000 0,000000 0,000000
112 1734194325 2,000000 -1,000000 -101,000000 0,000000 0,000000
112 1734194326 2,000000 -1,000000 -101,000000 0,000000 0,000000
112 1734194327 2,000000 -1,000000 -101,000000 0,000000 0,000000
112 1734194328 2,000000 -1,000000 -101,000000 0,000000 0,000000
112 1734194329 0,800000 -1,000000 -101,000000 0,000000 0,000000
112 1734194330 0,800000 -1,000000 -101,000000 0,000000 0,000000
112 1734194331 0,800000 -1,000000 -101,000000 0,000000 0,000000
112 1734194332 0,800000 -1,000000 -101,000000 0,000000 0,000000
112 1734194333 0,800000 -1,000000 -101,000000 0,000000 0,000000
112 1734194334 1,000000 -1,000000 -101,000000 0,000000 0,000000
112 1734194335 1,000000 -1,000000 -101,000000 0,000000 0,000000
112 1734194336 1,000000 -1,000000 -101,000000 0,000000 0,000000
112 1734194337 1,000000 -1,000000 -101,000000 0,000000 0,000000
112 1734194338 1,000000 -1,000000 -101,000000 0,000000 0,000000
112 1734194339 1,000000 -1,000000 -101,000000 0,000000 0,000000
112 1734194340 1,000000 -1,000000 -101,000000 0,000000 0,000000
112 1734194341 1,000000 -1,000000 -101,000000 0,000000 0,000000
112 1734194342 1,000000 -1,000000 -101,000000 0,000000 0,000000
112 1734194343 1,000000 -1,000000 -101,000000 0,000000 0,000000
112 1734194344 2,200000 -1,000000 -101,000000 0,000000 0,000000
112 1734194345 2,200000 -1,000000 -101,000000 0,000000 0,000000
112 1734194346 2,200000 -1,000000 -101,000000 0,000000 0,000000
112 1734194347 2,200000 -1,000000 -101,000000 0,000000 0,000000
112 1734194348 2,200000 -1,000000 -101,000000 0,000000 0,000000
112 1734194349 1,000000 -1,000000 -101,000000 0,000000 0,000000
112 1734194350 1,000000 -1,000000 -101,000000 0,000000 0,000000
112 1734194351 1,000000 -1,000000 -101,000000 0,000000 0,000000
112 1734194352 1,000000 -1,000000 -101,000000 0,000000 0,000000
112 1734194353 1,000000 -1,000000 -101,000000 0,000000 0,000000
112 1734194354 2,200000 -1,000000 -101,000000 0,000000 0,000000
112 1734194355 2,200000 -1,000000 -101,000000 0,000000 0,000000
112 1734194356 2,200000 -1,000000 -101,000000 0,000000 0,000000
112 1734194357 2,200000 -1,000000 -101,000000 0,000000 0,000000
112 1734194358 2,200000 -1,000000 -101,000000 0,000000 0,000000
112 1734194359 1,200000 -1,000000 -101,000000 0,000000 0,000000
112 1734194360 1,200000 -1,000000 -101,000000 0,000000 0,000000
112 1734194361 1,200000 -1,000000 -101,000000 0,000000 0,000000
112 1734194362 1,200000 -1,000000 -101,000000 0,000000 0,000000
112 1734194363 1,200000 -1,000000 -101,000000 0,000000 0,000000
112 1734194374 0,400000 -1,000000 -101,000000 0,000000 0,000000
112 1734194375 0,400000 -1,000000 -101,000000 0,000000 0,000000
112 1734194376 0,400000 -1,000000 -101,000000 0,000000 0,000000
112 1734194377 0,400000 -1,000000 -101,000000 0,000000 0,000000
112 1734194378 0,400000 -1,000000 -101,000000 0,000000 0,000000
112 1734194379 0,200000 -1,000000 -101,000000 0,000000 0,000000
112 1734194380 0,200000 -1,000000 -101,000000 0,000000 0,000000
112 1734194381 0,200000 -1,000000 -101,000000 0,000000 0,000000
112 1734194382 0,200000 -1,000000 -101,000000 0,000000 0,000000
112 1734194383 0,200000 -1,000000 -101,000000 0,000000 0,000000
112 1734194384 0,200000 -1,000000 -101,000000 0,000000 0,000000
112 1734194385 0,200000 -1,000000 -101,000000 0,000000 0,000000
112 1734194386 0,200000 -1,000000 -101,000000 0,000000 0,000000
112 1734194387 0,200000 -1,000000 -101,000000 0,000000 0,000000
112 1734194388 0,200000 -1,000000 -101,000000 0,000000 0,000000
112 1734194389 1,400000 -1,000000 -101,000000 0,000000 0,000000
112 1734194390 1,400000 -1,000000 -101,000000 0,000000 0,000000
112 1734194391 1,400000 -1,000000 -101,000000 0,000000 0,000000
112 1734194392 1,400000 -1,000000 -101,000000 0,000000 0,000000
112 1734194393 1,400000 -1,000000 -101,000000 0,000000 0,000000
112 1734194394 1,800000 -1,000000 -101,000000 0,000000 0,000000
112 1734194395 1,800000 -1,000000 -101,000000 0,000000 0,000000
112 1734194396 1,800000 -1,000000 -101,000000 0,000000 0,000000
112 1734194397 1,800000 -1,000000 -101,000000 0,000000 0,000000
112 1734194398 1,800000 -1,000000 -101,000000 0,000000 0,000000
112 1734194399 1,200000 -1,000000 -101,000000 0,000000 0,000000
112 1734194400 1,200000 -1,000000 -101,000000 0,000000 0,000000
112 1734194401 1,200000 -1,000000 -101,000000 0,000000 0,000000
112 1734194402 1,200000 -1,000000 -101,000000 0,000000 0,000000
112 1734194403 1,200000 -1,000000 -101,000000 0,000000 0,000000
112 1734194404 1,200000 -1,000000 -101,000000 0,000000 0,000000
112 1734194405 1,200000 -1,000000 -101,000000 0,000000 0,000000
112 1734194406 1,200000 -1,000000 -101,000000 0,000000 0,000000
112 1734194407 1,200000 -1,000000 -101,000000 0,000000 0,000000
112 1734194408 1,200000 -1,000000 -101,000000 0,000000 0,000000
112 1734194409 2,600000 -1,000000 -101,000000 0,000000 0,000000
112 1734194410 2,600000 -1,000000 -101,000000 0,000000 0,000000
112 1734194411 2,600000 -1,000000 -101,000000 0,000000 0,000000
112 1734194412 2,600000 -1,000000 -101,000000 0,000000 0,000000
112 1734194413 2,600000 -1,000000 -101,000000 0,000000 0,000000
112 1734194414 3,200000 -1,000000 -101,000000 0,000000 0,000000
112 1734194415 3,200000 -1,000000 -101,000000 0,000000 0,000000
112 1734194416 3,200000 -1,000000 -101,000000 0,000000 0,000000
112 1734194417 3,200000 -1,000000 -101,000000 0,000000 0,000000
112 1734194418 3,200000 -1,000000 -101,000000 0,000000 0,000000
112 1734194419 2,200000 -1,000000 -101,000000 0,000000 0,000000
112 1734194420 2,200000 -1,000000 -101,000000 0,000000 0,000000
112 1734194421 2,200000 -1,000000 -101,000000 0,000000 0,000000
112 1734194422 2,200000 -1,000000 -101,000000 0,000000 0,000000
112 1734194423 2,200000 -1,000000 -101,000000 0,000000 0,000000
112 1734194424 2,200000 -1,000000 -101,000000 0,000000 0,000000
112 1734194425 2,200000 -1,000000 -101,000000 0,000000 0,000000
112 1734194426 2,200000 -1,000000 -101,000000 0,000000 0,000000
112 1734194427 2,200000 -1,000000 -101,000000 0,000000 0,000000
112 1734194428 2,200000 -1,000000 -101,000000 0,000000 0,000000
112 1734194429 0,400000 -1,000000 -101,000000 0,000000 0,000000
112 1734194430 0,400000 -1,000000 -101,000000 0,000000 0,000000
112 1734194431 0,400000 -1,000000 -101,000000 0,000000 0,000000
112 1734194432 0,400000 -1,000000 -101,000000 0,000000 0,000000
112 1734194433 0,400000 -1,000000 -101,000000 0,000000 0,000000
112 1734194434 1,200000 -1,000000 -101,000000 0,000000 0,000000
112 1734194435 1,200000 -1,000000 -101,000000 0,000000 0,000000
112 1734194436 1,200000 -1,000000 -101,000000 0,000000 0,000000
112 1734194437 1,200000 -1,000000 -101,000000 0,000000 0,000000
112 1734194438 1,200000 -1,000000 -101,000000 0,000000 0,000000
112 1734194444 0,200000 -1,000000 -101,000000 0,000000 0,000000
112 1734194445 0,200000 -1,000000 -101,000000 0,000000 0,000000
112 1734194446 0,200000 -1,000000 -101,000000 0,000000 0,000000
112 1734194447 0,200000 -1,000000 -101,000000 0,000000 0,000000
112 1734194448 0,200000 -1,000000 -101,000000 0,000000 0,000000
112 1734194449 0,200000 -1,000000 -101,000000 0,000000 0,000000
112 1734194450 0,200000 -1,000000 -101,000000 0,000000 0,000000
112 1734194451 0,200000 -1,000000 -101,000000 0,000000 0,000000
112 1734194452 0,200000 -1,000000 -101,000000 0,000000 0,000000
112 1734194453 0,200000 -1,000000 -101,000000 0,000000 0,000000
112 1734194454 0,400000 -1,000000 -101,000000 0,000000 0,000000
112 1734194455 0,400000 -1,000000 -101,000000 0,000000 0,000000
112 1734194456 0,400000 -1,000000 -101,000000 0,000000 0,000000
112 1734194457 0,400000 -1,000000 -101,000000 0,000000 0,000000
112 1734194458 0,400000 -1,000000 -101,000000 0,000000 0,000000
112 1734194459 1,000000 -1,000000 -101,000000 0,000000 0,000000
112 1734194460 1,000000 -1,000000 -101,000000 0,000000 0,000000
112 1734194461 1,000000 -1,000000 -101,000000 0,000000 0,000000
112 1734194462 1,000000 -1,000000 -101,000000 0,000000 0,000000
112 1734194463 1,000000 -1,000000 -101,000000 0,000000 0,000000
112 1734194464 0,800000 -1,000000 -101,000000 0,000000 0,000000
112 1734194465 0,800000 -1,000000 -101,000000 0,000000 0,000000
112 1734194466 0,800000 -1,000000 -101,000000 0,000000 0,000000
112 1734194467 0,800000 -1,000000 -101,000000 0,000000 0,000000
112 1734194468 0,800000 -1,000000 -101,000000 0,000000 0,000000
112 1734194469 0,800000 -1,000000 -101,000000 0,000000 0,000000
112 1734194470 0,800000 -1,000000 -101,000000 0,000000 0,000000
112 1734194471 0,800000 -1,000000 -101,000000 0,000000 0,000000
112 1734194472 0,800000 -1,000000 -101,000000 0,000000 0,000000
112 1734194473 0,800000 -1,000000 -101,000000 0,000000 0,000000
112 1734194474 0,800000 -1,000000 -101,000000 0,000000 0,000000
112 1734194475 0,800000 -1,000000 -101,000000 0,000000 0,000000
112 1734194476 0,800000 -1,000000 -101,000000 0,000000 0,000000
112 1734194477 0,800000 -1,000000 -101,000000 0,000000 0,000000
112 1734194478 0,800000 -1,000000 -101,000000 0,000000 0,000000
112 1734194479 1,800000 -1,000000 -101,000000 0,000000 0,000000
112 1734194480 1,800000 -1,000000 -101,000000 0,000000 0,000000
112 1734194481 1,800000 -1,000000 -101,000000 0,000000 0,000000
112 1734194482 1,800000 -1,000000 -101,000000 0,000000 0,000000
112 1734194483 1,800000 -1,000000 -101,000000 0,000000 0,000000
112 1734194484 1,800000 -1,000000 -101,000000 0,000000 0,000000
112 1734194485 1,800000 -1,000000 -101,000000 0,000000 0,000000
112 1734194486 1,800000 -1,000000 -101,000000 0,000000 0,000000
112 1734194487 1,800000 -1,000000 -101,000000 0,000000 0,000000
112 1734194488 1,800000 -1,000000 -101,000000 0,000000 0,000000
112 1734194489 0,600000 -1,000000 -101,000000 0,000000 0,000000
112 1734194490 0,600000 -1,000000 -101,000000 0,000000 0,000000
112 1734194491 0,600000 -1,000000 -101,000000 0,000000 0,000000
112 1734194492 0,600000 -1,000000 -101,000000 0,000000 0,000000
112 1734194493 0,600000 -1,000000 -101,000000 0,000000 0,000000
112 1734194494 1,600000 -1,000000 -101,000000 0,000000 0,000000
112 1734194495 1,600000 -1,000000 -101,000000 0,000000 0,000000
112 1734194496 1,600000 -1,000000 -101,000000 0,000000 0,000000
112 1734194497 1,600000 -1,000000 -101,000000 0,000000 0,000000
112 1734194498 1,600000 -1,000000 -101,000000 0,000000 0,000000
112 1734194499 0,800000 -1,000000 -101,000000 0,000000 0,000000
112 1734194500 0,800000 -1,000000 -101,000000 0,000000 0,000000
112 1734194501 0,800000 -1,000000 -101,000000 0,000000 0,000000
112 1734194502 0,800000 -1,000000 -101,000000 0,000000 0,000000
112 1734194503 0,800000 -1,000000 -101,000000 0,000000 0,000000
112 1734194504 0,800000 -1,000000 -101,000000 0,000000 0,000000
112 1734194505 0,800000 -1,000000 -101,000000 0,000000 0,000000
112 1734194506 0,800000 -1,000000 -101,000000 0,000000 0,000000
112 1734194507 0,800000 -1,000000 -101,000000 0,000000 0,000000
112 1734194508 0,800000 -1,000000 -101,000000 0,000000 0,000000
112 1734194509 0,800000 -1,000000 -101,000000 0,000000 0,000000
112 1734194510 0,800000 -1,000000 -101,000000 0,000000 0,000000
112 1734194511 0,800000 -1,000000 -101,000000 0,000000 0,000000
112 1734194512 0,800000 -1,000000 -101,000000 0,000000 0,000000
112 1734194513 0,800000 -1,000000 -101,000000 0,000000 0,000000
112 1734194514 1,800000 -1,000000 -101,000000 0,000000 0,000000
112 1734194515 1,800000 -1,000000 -101,000000 0,000000 0,000000
112 1734194516 1,800000 -1,000000 -101,000000 0,000000 0,000000
112 1734194517 1,800000 -1,000000 -101,000000 0,000000 0,000000
112 1734194518 1,800000 -1,000000 -101,000000 0,000000 0,000000
112 1734194519 0,600000 -1,000000 -101,000000 0,000000 0,000000
112 1734194520 0,600000 -1,000000 -101,000000 0,000000 0,000000
112 1734194521 0,600000 -1,000000 -101,000000 0,000000 0,000000
112 1734194522 0,600000 -1,000000 -101,000000 0,000000 0,000000
112 1734194523 0,600000 -1,000000 -101,000000 0,000000 0,000000
112 1734194524 1,400000 -1,000000 -101,000000 0,000000 0,000000
112 1734194525 1,400000 -1,000000 -101,000000 0,000000 0,000000
112 1734194526 1,400000 -1,000000 -101,000000 0,000000 0,000000
112 1734194527 1,400000 -1,000000 -101,000000 0,000000 0,000000
112 1734194528 1,400000 -1,000000 -101,000000 0,000000 0,000000
112 1734194529 1,400000 -1,000000 -101,000000 0,000000 0,000000
112 1734194530 1,400000 -1,000000 -101,000000 0,000000 0,000000
112 1734194531 1,400000 -1,000000 -101,000000 0,000000 0,000000
112 1734194532 1,400000 -1,000000 -101,000000 0,000000 0,000000
112 1734194533 1,400000 -1,000000 -101,000000 0,000000 0,000000
112 1734194534 2,400000 -1,000000 -101,000000 0,000000 0,000000
112 1734194535 2,400000 -1,000000 -101,000000 0,000000 0,000000
112 1734194536 2,400000 -1,000000 -101,000000 0,000000 0,000000
112 1734194537 2,400000 -1,000000 -101,000000 0,000000 0,000000
112 1734194538 2,400000 -1,000000 -101,000000 0,000000 0,000000
112 1734194539 2,000000 -1,000000 -101,000000 0,000000 0,000000
112 1734194540 2,000000 -1,000000 -101,000000 0,000000 0,000000
112 1734194541 2,000000 -1,000000 -101,000000 0,000000 0,000000
112 1734194542 2,000000 -1,000000 -101,000000 0,000000 0,000000
112 1734194543 2,000000 -1,000000 -101,000000 0,000000 0,000000
112 1734194544 0,800000 -1,000000 -101,000000 0,000000 0,000000
112 1734194545 0,800000 -1,000000 -101,000000 0,000000 0,000000
112 1734194546 0,800000 -1,000000 -101,000000 0,000000 0,000000
112 1734194547 0,800000 -1,000000 -101,000000 0,000000 0,000000
112 1734194548 0,800000 -1,000000 -101,000000 0,000000 0,000000
112 1734194549 1,200000 -1,000000 -101,000000 0,000000 0,000000
112 1734194550 1,200000 -1,000000 -101,000000 0,000000 0,000000
112 1734194551 1,200000 -1,000000 -101,000000 0,000000 0,000000
112 1734194552 1,200000 -1,000000 -101,000000 0,000000 0,000000
112 1734194553 1,200000 -1,000000 -101,000000 0,000000 0,000000
112 1734194554 2,000000 -1,000000 -101,000000 0,000000 0,000000
112 1734194555 2,000000 -1,000000 -101,000000 0,000000 0,000000
112 1734194556 2,000000 -1,000000 -101,000000 0,000000 0,000000
112 1734194557 2,000000 -1,000000 -101,000000 0,000000 0,000000
112 1734194558 2,000000 -1,000000 -101,000000 0,000000 0,000000
112 1734194559 0,200000 -1,000000 -101,000000 0,000000 0,000000
112 1734194560 0,200000 -1,000000 -101,000000 0,000000 0,000000
112 1734194561 0,200000 -1,000000 -101,000000 0,000000 0,000000
112 1734194562 0,200000 -1,000000 -101,000000 0,000000 0,000000
112 1734194563 0,200000 -1,000000 -101,000000 0,000000 0,000000
112 1734194564 0,200000 -1,000000 -101,000000 0,000000 0,000000
112 1734194565 0,200000 -1,000000 -101,000000 0,000000 0,000000
112 1734194566 0,200000 -1,000000 -101,000000 0,000000 0,000000
112 1734194567 0,200000 -1,000000 -101,000000 0,000000 0,000000
112 1734194568 0,200000 -1,000000 -101,000000 0,000000 0,000000
112 1734194569 1,000000 -1,000000 -101,000000 0,000000 0,000000
112 1734194570 1,000000 -1,000000 -101,000000 0,000000 0,000000
112 1734194571 1,000000 -1,000000 -101,000000 0,000000 0,000000
112 1734194572 1,000000 -1,000000 -101,000000 0,000000 0,000000
112 1734194573 1,000000 -1,000000 -101,000000 0,000000 0,000000
112 1734194574 0,400000 -1,000000 -101,000000 0,000000 0,000000
112 1734194575 0,400000 -1,000000 -101,000000 0,000000 0,000000
112 1734194576 0,400000 -1,000000 -101,000000 0,000000 0,000000
112 1734194577 0,400000 -1,000000 -101,000000 0,000000 0,000000
112 1734194578 0,400000 -1,000000 -101,000000 0,000000 0,000000
112 1734194579 0,400000 -1,000000 -101,000000 0,000000 0,000000
112 1734194580 0,400000 -1,000000 -101,000000 0,000000 0,000000
112 1734194581 0,400000 -1,000000 -101,000000 0,000000 0,000000
112 1734194582 0,400000 -1,000000 -101,000000 0,000000 0,000000
112 1734194583 0,400000 -1,000000 -101,000000 0,000000 0,000000
112 1734194584 0,400000 -1,000000 -101,000000 0,000000 0,000000
112 1734194585 0,400000 -1,000000 -101,000000 0,000000 0,000000
112 1734194586 0,400000 -1,000000 -101,000000 0,000000 0,000000
112 1734194587 0,400000 -1,000000 -101,000000 0,000000 0,000000
112 1734194588 0,400000 -1,000000 -101,000000 0,000000 0,000000
112 1734194589 1,000000 -1,000000 -101,000000 0,000000 0,000000
112 1734194590 1,000000 -1,000000 -101,000000 0,000000 0,000000
112 1734194591 1,000000 -1,000000 -101,000000 0,000000 0,000000
112 1734194592 1,000000 -1,000000 -101,000000 0,000000 0,000000
112 1734194593 1,000000 -1,000000 -101,000000 0,000000 0,000000
112 1734194594 2,000000 -1,000000 -101,000000 0,000000 0,000000
112 1734194595 2,000000 -1,000000 -101,000000 0,000000 0,000000
112 1734194596 2,000000 -1,000000 -101,000000 0,000000 0,000000
112 1734194597 2,000000 -1,000000 -101,000000 0,000000 0,000000
112 1734194598 2,000000 -1,000000 -101,000000 0,000000 0,000000
112 1734194599 2,200000 -1,000000 -101,000000 0,000000 0,000000
112 1734194600 2,200000 -1,000000 -101,000000 0,000000 0,000000
112 1734194601 2,200000 -1,000000 -101,000000 0,000000 0,000000
112 1734194602 2,200000 -1,000000 -101,000000 0,000000 0,000000
112 1734194603 2,200000 -1,000000 -101,000000 0,000000 0,000000
112 1734194604 1,800000 -1,000000 -101,000000 0,000000 0,000000
112 1734194605 1,800000 -1,000000 -101,000000 0,000000 0,000000
112 1734194606 1,800000 -1,000000 -101,000000 0,000000 0,000000
112 1734194607 1,800000 -1,000000 -101,000000 0,000000 0,000000
112 1734194608 1,800000 -1,000000 -101,000000 0,000000 0,000000
112 1734194609 0,800000 -1,000000 -101,000000 0,000000 0,000000
112 1734194610 0,800000 -1,000000 -101,000000 0,000000 0,000000
112 1734194611 0,800000 -1,000000 -101,000000 0,000000 0,000000
112 1734194612 0,800000 -1,000000 -101,000000 0,000000 0,000000
112 1734194613 0,800000 -1,000000 -101,000000 0,000000 0,000000
112 1734194614 0,800000 -1,000000 -101,000000 0,000000 0,000000
112 1734194615 0,800000 -1,000000 -101,000000 0,000000 0,000000
112 1734194616 0,800000 -1,000000 -101,000000 0,000000 0,000000
112 1734194617 0,800000 -1,000000 -101,000000 0,000000 0,000000
112 1734194618 0,800000 -1,000000 -101,000000 0,000000 0,000000
112 1734194619 0,800000 -1,000000 -101,000000 0,000000 0,000000
112 1734194620 0,800000 -1,000000 -101,000000 0,000000 0,000000
112 1734194621 0,800000 -1,000000 -101,000000 0,000000 0,000000
112 1734194622 0,800000 -1,000000 -101,000000 0,000000 0,000000
112 1734194623 0,800000 -1,000000 -101,000000 0,000000 0,000000
112 1734194624 2,200000 -1,000000 -101,000000 0,000000 0,000000
112 1734194625 2,200000 -1,000000 -101,000000 0,000000 0,000000
112 1734194626 2,200000 -1,000000 -101,000000 0,000000 0,000000
112 1734194627 2,200000 -1,000000 -101,000000 0,000000 0,000000
112 1734194628 2,200000 -1,000000 -101,000000 0,000000 0,000000
112 1734194629 1,400000 -1,000000 -101,000000 0,000000 0,000000
112 1734194630 1,400000 -1,000000 -101,000000 0,000000 0,000000
112 1734194631 1,400000 -1,000000 -101,000000 0,000000 0,000000
112 1734194632 1,400000 -1,000000 -101,000000 0,000000 0,000000
112 1734194633 1,400000 -1,000000 -101,000000 0,000000 0,000000
112 1734194634 0,400000 -1,000000 -101,000000 0,000000 0,000000
112 1734194635 0,400000 -1,000000 -101,000000 0,000000 0,000000
112 1734194636 0,400000 -1,000000 -101,000000 0,000000 0,000000
112 1734194637 0,400000 -1,000000 -101,000000 0,000000 0,000000
112 1734194638 0,400000 -1,000000 -101,000000 0,000000 0,000000
112 1734194639 0,600000 -1,000000 -101,000000 0,000000 0,000000
112 1734194640 0,600000 -1,000000 -101,000000 0,000000 0,000000
112 1734194641 0,600000 -1,000000 -101,000000 0,000000 0,000000
112 1734194642 0,600000 -1,000000 -101,000000 0,000000 0,000000
112 1734194643 0,600000 -1,000000 -101,000000 0,000000 0,000000
112 1734194649 0,800000 -1,000000 -101,000000 0,000000 0,000000
112 1734194650 0,800000 -1,000000 -101,000000 0,000000 0,000000
112 1734194651 0,800000 -1,000000 -101,000000 0,000000 0,000000
112 1734194652 0,800000 -1,000000 -101,000000 0,000000 0,000000
112 1734194653 0,800000 -1,000000 -101,000000 0,000000 0,000000
112 1734194654 0,800000 -1,000000 -101,000000 0,000000 0,000000
112 1734194655 0,800000 -1,000000 -101,000000 0,000000 0,000000
112 1734194656 0,800000 -1,000000 -101,000000 0,000000 0,000000
112 1734194657 0,800000 -1,000000 -101,000000 0,000000 0,000000
112 1734194658 0,800000 -1,000000 -101,000000 0,000000 0,000000
112 1734194659 1,800000 -1,000000 -101,000000 0,000000 0,000000
112 1734194660 1,800000 -1,000000 -101,000000 0,000000 0,000000
112 1734194661 1,800000 -1,000000 -101,000000 0,000000 0,000000
112 1734194662 1,800000 -1,000000 -101,000000 0,000000 0,000000
112 1734194663 1,800000 -1,000000 -101,000000 0,000000 0,000000
112 1734194664 0,600000 -1,000000 -101,000000 0,000000 0,000000
112 1734194665 0,600000 -1,000000 -101,000000 0,000000 0,000000
112 1734194666 0,600000 -1,000000 -101,000000 0,000000 0,000000
112 1734194667 0,600000 -1,000000 -101,000000 0,000000 0,000000
112 1734194668 0,600000 -1,000000 -101,000000 0,000000 0,000000
112 1734194669 1,400000 -1,000000 -101,000000 0,000000 0,000000
112 1734194670 1,400000 -1,000000 -101,000000 0,000000 0,000000
112 1734194671 1,400000 -1,000000 -101,000000 0,000000 0,000000
112 1734194672 1,400000 -1,000000 -101,000000 0,000000 0,000000
112 1734194673 1,400000 -1,000000 -101,000000 0,000000 0,000000
112 1734194674 3,400000 -1,000000 -101,000000 0,000000 0,000000
112 1734194675 3,400000 -1,000000 -101,000000 0,000000 0,000000
112 1734194676 3,400000 -1,000000 -101,000000 0,000000 0,000000
112 1734194677 3,400000 -1,000000 -101,000000 0,000000 0,000000
112 1734194678 3,400000 -1,000000 -101,000000 0,000000 0,000000
112 1734194679 0,800000 -1,000000 -101,000000 0,000000 0,000000
112 1734194680 0,800000 -1,000000 -101,000000 0,000000 0,000000
112 1734194681 0,800000 -1,000000 -101,000000 0,000000 0,000000
112 1734194682 0,800000 -1,000000 -101,000000 0,000000 0,000000
112 1734194683 0,800000 -1,000000 -101,000000 0,000000 0,000000
112 1734194684 0,800000 -1,000000 -101,000000 0,000000 0,000000
112 1734194685 0,800000 -1,000000 -101,000000 0,000000 0,000000
112 1734194686 0,800000 -1,000000 -101,000000 0,000000 0,000000
112 1734194687 0,800000 -1,000000 -101,000000 0,000000 0,000000
112 1734194688 0,800000 -1,000000 -101,000000 0,000000 0,000000
112 1734194689 1,200000 -1,000000 -101,000000 0,000000 0,000000
112 1734194690 1,200000 -1,000000 -101,000000 0,000000 0,000000
112 1734194691 1,200000 -1,000000 -101,000000 0,000000 0,000000
112 1734194692 1,200000 -1,000000 -101,000000 0,000000 0,000000
112 1734194693 1,200000 -1,000000 -101,000000 0,000000 0,000000
112 1734194694 1,800000 -1,000000 -101,000000 0,000000 0,000000
112 1734194695 1,800000 -1,000000 -101,000000 0,000000 0,000000
112 1734194696 1,800000 -1,000000 -101,000000 0,000000 0,000000
112 1734194697 1,800000 -1,000000 -101,000000 0,000000 0,000000
112 1734194698 1,800000 -1,000000 -101,000000 0,000000 0,000000
112 1734194699 0,600000 -1,000000 -101,000000 0,000000 0,000000
112 1734194700 0,600000 -1,000000 -101,000000 0,000000 0,000000
112 1734194701 0,600000 -1,000000 -101,000000 0,000000 0,000000
112 1734194702 0,600000 -1,000000 -101,000000 0,000000 0,000000
112 1734194703 0,600000 -1,000000 -101,000000 0,000000 0,000000
112 1734194704 0,600000 -1,000000 -101,000000 0,000000 0,000000
112 1734194705 0,600000 -1,000000 -101,000000 0,000000 0,000000
112 1734194706 0,600000 -1,000000 -101,000000 0,000000 0,000000
112 1734194707 0,600000 -1,000000 -101,000000 0,000000 0,000000
112 1734194708 0,600000 -1,000000 -101,000000 0,000000 0,000000
112 1734194709 1,000000 -1,000000 -101,000000 0,000000 0,000000
112 1734194710 1,000000 -1,000000 -101,000000 0,000000 0,000000
112 1734194711 1,000000 -1,000000 -101,000000 0,000000 0,000000
112 1734194712 1,000000 -1,000000 -101,000000 0,000000 0,000000
112 1734194713 1,000000 -1,000000 -101,000000 0,000000 0,000000
112 1734194714 1,400000 -1,000000 -101,000000 0,000000 0,000000
112 1734194715 1,400000 -1,000000 -101,000000 0,000000 0,000000
112 1734194716 1,400000 -1,000000 -101,000000 0,000000 0,000000
112 1734194717 1,400000 -1,000000 -101,000000 0,000000 0,000000
112 1734194718 1,400000 -1,000000 -101,000000 0,000000 0,000000
112 1734194719 1,600000 -1,000000 -101,000000 0,000000 0,000000
112 1734194720 1,600000 -1,000000 -101,000000 0,000000 0,000000
112 1734194721 1,600000 -1,000000 -101,000000 0,000000 0,000000
112 1734194722 1,600000 -1,000000 -101,000000 0,000000 0,000000
112 1734194723 1,600000 -1,000000 -101,000000 0,000000 0,000000
112 1734194724 0,400000 -1,000000 -101,000000 0,000000 0,000000
112 1734194725 0,400000 -1,000000 -101,000000 0,000000 0,000000
112 1734194726 0,400000 -1,000000 -101,000000 0,000000 0,000000
112 1734194727 0,400000 -1,000000 -101,000000 0,000000 0,000000
112 1734194728 0,400000 -1,000000 -101,000000 0,000000 0,000000
112 1734194729 1,600000 -1,000000 -101,000000 0,000000 0,000000
112 1734194730 1,600000 -1,000000 -101,000000 0,000000 0,000000
112 1734194731 1,600000 -1,000000 -101,000000 0,000000 0,000000
112 1734194732 1,600000 -1,000000 -101,000000 0,000000 0,000000
112 1734194733 1,600000 -1,000000 -101,000000 0,000000 0,000000
112 1734194734 0,800000 -1,000000 -101,000000 0,000000 0,000000
112 1734194735 0,800000 -1,000000 -101,000000 0,000000 0,000000
112 1734194736 0,800000 -1,000000 -101,000000 0,000000 0,000000
112 1734194737 0,800000 -1,000000 -101,000000 0,000000 0,000000
112 1734194738 0,800000 -1,000000 -101,000000 0,000000 0,000000
112 1734194739 1,000000 -1,000000 -101,000000 0,000000 0,000000
112 1734194740 1,000000 -1,000000 -101,000000 0,000000 0,000000
112 1734194741 1,000000 -1,000000 -101,000000 0,000000 0,000000
112 1734194742 1,000000 -1,000000 -101,000000 0,000000 0,000000
112 1734194743 1,000000 -1,000000 -101,000000 0,000000 0,000000
112 1734194744 1,400000 -1,000000 -101,000000 0,000000 0,000000
112 1734194745 1,400000 -1,000000 -101,000000 0,000000 0,000000
112 1734194746 1,400000 -1,000000 -101,000000 0,000000 0,000000
112 1734194747 1,400000 -1,000000 -101,000000 0,000000 0,000000
112 1734194748 1,400000 -1,000000 -101,000000 0,000000 0,000000
112 1734194749 1,400000 -1,000000 -101,000000 0,000000 0,000000
112 1734194750 1,400000 -1,000000 -101,000000 0,000000 0,000000
112 1734194751 1,400000 -1,000000 -101,000000 0,000000 0,000000
112 1734194752 1,400000 -1,000000 -101,000000 0,000000 0,000000
112 1734194753 1,400000 -1,000000 -101,000000 0,000000 0,000000
112 1734194754 1,600000 -1,000000 -101,000000 0,000000 0,000000
112 1734194755 1,600000 -1,000000 -101,000000 0,000000 0,000000
112 1734194756 1,600000 -1,000000 -101,000000 0,000000 0,000000
112 1734194757 1,600000 -1,000000 -101,000000 0,000000 0,000000
112 1734194758 1,600000 -1,000000 -101,000000 0,000000 0,000000
112 1734194759 0,400000 -1,000000 -101,000000 0,000000 0,000000
112 1734194760 0,400000 -1,000000 -101,000000 0,000000 0,000000
112 1734194761 0,400000 -1,000000 -101,000000 0,000000 0,000000
112 1734194762 0,400000 -1,000000 -101,000000 0,000000 0,000000
112 1734194763 0,400000 -1,000000 -101,000000 0,000000 0,000000
112 1734194764 1,600000 -1,000000 -101,000000 0,000000 0,000000
112 1734194765 1,600000 -1,000000 -101,000000 0,000000 0,000000
112 1734194766 1,600000 -1,000000 -101,000000 0,000000 0,000000
112 1734194767 1,600000 -1,000000 -101,000000 0,000000 0,000000
112 1734194768 1,600000 -1,000000 -101,000000 0,000000 0,000000
112 1734194769 0,600000 -1,000000 -101,000000 0,000000 0,000000
112 1734194770 0,600000 -1,000000 -101,000000 0,000000 0,000000
112 1734194771 0,600000 -1,000000 -101,000000 0,000000 0,000000
112 1734194772 0,600000 -1,000000 -101,000000 0,000000 0,000000
112 1734194773 0,600000 -1,000000 -101,000000 0,000000 0,000000
112 1734194774 0,800000 -1,000000 -101,000000 0,000000 0,000000
112 1734194775 0,800000 -1,000000 -101,000000 0,000000 0,000000
112 1734194776 0,800000 -1,000000 -101,000000 0,000000 0,000000
112 1734194777 0,800000 -1,000000 -101,000000 0,000000 0,000000
112 1734194778 0,800000 -1,000000 -101,000000 0,000000 0,000000
112 1734194779 1,400000 -1,000000 -101,000000 0,000000 0,000000
112 1734194780 1,400000 -1,000000 -101,000000 0,000000 0,000000
112 1734194781 1,400000 -1,000000 -101,000000 0,000000 0,000000
112 1734194782 1,400000 -1,000000 -101,000000 0,000000 0,000000
112 1734194783 1,400000 -1,000000 -101,000000 0,000000 0,000000
112 1734194784 0,600000 -1,000000 -101,000000 0,000000 0,000000
112 1734194785 0,600000 -1,000000 -101,000000 0,000000 0,000000
112 1734194786 0,600000 -1,000000 -101,000000 0,000000 0,000000
112 1734194787 0,600000 -1,000000 -101,000000 0,000000 0,000000
112 1734194788 0,600000 -1,000000 -101,000000 0,000000 0,000000
112 1734194799 0,400000 -1,000000 -101,000000 0,000000 0,000000
112 1734194800 0,400000 -1,000000 -101,000000 0,000000 0,000000
112 1734194801 0,400000 -1,000000 -101,000000 0,000000 0,000000
112 1734194802 0,400000 -1,000000 -101,000000 0,000000 0,000000
112 1734194803 0,400000 -1,000000 -101,000000 0,000000 0,000000
112 1734194804 0,600000 -1,000000 -101,000000 0,000000 0,000000
112 1734194805 0,600000 -1,000000 -101,000000 0,000000 0,000000
112 1734194806 0,600000 -1,000000 -101,000000 0,000000 0,000000
112 1734194807 0,600000 -1,000000 -101,000000 0,000000 0,000000
112 1734194808 0,600000 -1,000000 -101,000000 0,000000 0,000000
112 1734194809 1,800000 -1,000000 -101,000000 0,000000 0,000000
112 1734194810 1,800000 -1,000000 -101,000000 0,000000 0,000000
112 1734194811 1,800000 -1,000000 -101,000000 0,000000 0,000000
112 1734194812 1,800000 -1,000000 -101,000000 0,000000 0,000000
112 1734194813 1,800000 -1,000000 -101,000000 0,000000 0,000000
112 1734194814 2,600000 -1,000000 -101,000000 0,000000 0,000000
112 1734194815 2,600000 -1,000000 -101,000000 0,000000 0,000000
112 1734194816 2,600000 -1,000000 -101,000000 0,000000 0,000000
112 1734194817 2,600000 -1,000000 -101,000000 0,000000 0,000000
112 1734194818 2,600000 -1,000000 -101,000000 0,000000 0,000000
112 1734194819 2,200000 -1,000000 -101,000000 0,000000 0,000000
112 1734194820 2,200000 -1,000000 -101,000000 0,000000 0,000000
112 1734194821 2,200000 -1,000000 -101,000000 0,000000 0,000000
112 1734194822 2,200000 -1,000000 -101,000000 0,000000 0,000000
112 1734194823 2,200000 -1,000000 -101,000000 0,000000 0,000000
112 1734194824 1,600000 -1,000000 -101,000000 0,000000 0,000000
112 1734194825 1,600000 -1,000000 -101,000000 0,000000 0,000000
112 1734194826 1,600000 -1,000000 -101,000000 0,000000 0,000000
112 1734194827 1,600000 -1,000000 -101,000000 0,000000 0,000000
112 1734194828 1,600000 -1,000000 -101,000000 0,000000 0,000000
112 1734194829 3,200000 -1,000000 -101,000000 0,000000 0,000000
112 1734194830 3,200000 -1,000000 -101,000000 0,000000 0,000000
112 1734194831 3,200000 -1,000000 -101,000000 0,000000 0,000000
112 1734194832 3,200000 -1,000000 -101,000000 0,000000 0,000000
112 1734194833 3,200000 -1,000000 -101,000000 0,000000 0,000000
112 1734194834 3,200000 -1,000000 -101,000000 0,000000 0,000000
112 1734194835 3,200000 -1,000000 -101,000000 0,000000 0,000000
112 1734194836 3,200000 -1,000000 -101,000000 0,000000 0,000000
112 1734194837 3,200000 -1,000000 -101,000000 0,000000 0,000000
112 1734194838 3,200000 -1,000000 -101,000000 0,000000 0,000000
112 1734194839 1,400000 -1,000000 -101,000000 0,000000 0,000000
112 1734194840 1,400000 -1,000000 -101,000000 0,000000 0,000000
112 1734194841 1,400000 -1,000000 -101,000000 0,000000 0,000000
112 1734194842 1,400000 -1,000000 -101,000000 0,000000 0,000000
112 1734194843 1,400000 -1,000000 -101,000000 0,000000 0,000000
112 1734194844 0,200000 -1,000000 -101,000000 0,000000 0,000000
112 1734194845 0,200000 -1,000000 -101,000000 0,000000 0,000000
112 1734194846 0,200000 -1,000000 -101,000000 0,000000 0,000000
112 1734194847 0,200000 -1,000000 -101,000000 0,000000 0,000000
112 1734194848 0,200000 -1,000000 -101,000000 0,000000 0,000000
112 1734194849 0,200000 -1,000000 -101,000000 0,000000 0,000000
112 1734194850 0,200000 -1,000000 -101,000000 0,000000 0,000000
112 1734194851 0,200000 -1,000000 -101,000000 0,000000 0,000000
112 1734194852 0,200000 -1,000000 -101,000000 0,000000 0,000000
112 1734194853 0,200000 -1,000000 -101,000000 0,000000 0,000000
112 1734194854 0,200000 -1,000000 -101,000000 0,000000 0,000000
112 1734194855 0,200000 -1,000000 -101,000000 0,000000 0,000000
112 1734194856 0,200000 -1,000000 -101,000000 0,000000 0,000000
112 1734194857 0,200000 -1,000000 -101,000000 0,000000 0,000000
112 1734194858 0,200000 -1,000000 -101,000000 0,000000 0,000000
112 1734194859 0,600000 -1,000000 -101,000000 0,000000 0,000000
112 1734194860 0,600000 -1,000000 -101,000000 0,000000 0,000000
112 1734194861 0,600000 -1,000000 -101,000000 0,000000 0,000000
112 1734194862 0,600000 -1,000000 -101,000000 0,000000 0,000000
112 1734194863 0,600000 -1,000000 -101,000000 0,000000 0,000000
112 1734194874 0,200000 -1,000000 -101,000000 0,000000 0,000000
112 1734194875 0,200000 -1,000000 -101,000000 0,000000 0,000000
112 1734194876 0,200000 -1,000000 -101,000000 0,000000 0,000000
112 1734194877 0,200000 -1,000000 -101,000000 0,000000 0,000000
112 1734194878 0,200000 -1,000000 -101,000000 0,000000 0,000000
112 1734194879 0,600000 -1,000000 -101,000000 0,000000 0,000000
112 1734194880 0,600000 -1,000000 -101,000000 0,000000 0,000000
112 1734194881 0,600000 -1,000000 -101,000000 0,000000 0,000000
112 1734194882 0,600000 -1,000000 -101,000000 0,000000 0,000000
112 1734194883 0,600000 -1,000000 -101,000000 0,000000 0,000000
112 1734194884 1,000000 -1,000000 -101,000000 0,000000 0,000000
112 1734194885 1,000000 -1,000000 -101,000000 0,000000 0,000000
112 1734194886 1,000000 -1,000000 -101,000000 0,000000 0,000000
112 1734194887 1,000000 -1,000000 -101,000000 0,000000 0,000000
112 1734194888 1,000000 -1,000000 -101,000000 0,000000 0,000000
112 1734194889 1,400000 -1,000000 -101,000000 0,000000 0,000000
112 1734194890 1,400000 -1,000000 -101,000000 0,000000 0,000000
112 1734194891 1,400000 -1,000000 -101,000000 0,000000 0,000000
112 1734194892 1,400000 -1,000000 -101,000000 0,000000 0,000000
112 1734194893 1,400000 -1,000000 -101,000000 0,000000 0,000000
112 1734194894 1,800000 -1,000000 -101,000000 0,000000 0,000000
112 1734194895 1,800000 -1,000000 -101,000000 0,000000 0,000000
112 1734194896 1,800000 -1,000000 -101,000000 0,000000 0,000000
112 1734194897 1,800000 -1,000000 -101,000000 0,000000 0,000000
112 1734194898 1,800000 -1,000000 -101,000000 0,000000 0,000000
112 1734194899 2,400000 -1,000000 -101,000000 0,000000 0,000000
112 1734194900 2,400000 -1,000000 -101,000000 0,000000 0,000000
112 1734194901 2,400000 -1,000000 -101,000000 0,000000 0,000000
112 1734194902 2,400000 -1,000000 -101,000000 0,000000 0,000000
112 1734194903 2,400000 -1,000000 -101,000000 0,000000 0,000000
112 1734194904 1,800000 -1,000000 -101,000000 0,000000 0,000000
112 1734194905 1,800000 -1,000000 -101,000000 0,000000 0,000000
112 1734194906 1,800000 -1,000000 -101,000000 0,000000 0,000000
112 1734194907 1,800000 -1,000000 -101,000000 0,000000 0,000000
112 1734194908 1,800000 -1,000000 -101,000000 0,000000 0,000000
112 1734194909 1,400000 -1,000000 -101,000000 0,000000 0,000000
112 1734194910 1,400000 -1,000000 -101,000000 0,000000 0,000000
112 1734194911 1,400000 -1,000000 -101,000000 0,000000 0,000000
112 1734194912 1,400000 -1,000000 -101,000000 0,000000 0,000000
112 1734194913 1,400000 -1,000000 -101,000000 0,000000 0,000000
112 1734194914 2,000000 -1,000000 -101,000000 0,000000 0,000000
112 1734194915 2,000000 -1,000000 -101,000000 0,000000 0,000000
112 1734194916 2,000000 -1,000000 -101,000000 0,000000 0,000000
112 1734194917 2,000000 -1,000000 -101,000000 0,000000 0,000000
112 1734194918 2,000000 -1,000000 -101,000000 0,000000 0,000000
112 1734194919 0,600000 -1,000000 -101,000000 0,000000 0,000000
112 1734194920 0,600000 -1,000000 -101,000000 0,000000 0,000000
112 1734194921 0,600000 -1,000000 -101,000000 0,000000 0,000000
112 1734194922 0,600000 -1,000000 -101,000000 0,000000 0,000000
112 1734194923 0,600000 -1,000000 -101,000000 0,000000 0,000000
112 1734194924 0,600000 -1,000000 -101,000000 0,000000 0,000000
112 1734194925 0,600000 -1,000000 -101,000000 0,000000 0,000000
112 1734194926 0,600000 -1,000000 -101,000000 0,000000 0,000000
112 1734194927 0,600000 -1,000000 -101,000000 0,000000 0,000000
112 1734194928 0,600000 -1,000000 -101,000000 0,000000 0,000000
112 1734194929 1,800000 -1,000000 -101,000000 0,000000 0,000000
112 1734194930 1,800000 -1,000000 -101,000000 0,000000 0,000000
112 1734194931 1,800000 -1,000000 -101,000000 0,000000 0,000000
112 1734194932 1,800000 -1,000000 -101,000000 0,000000 0,000000
112 1734194933 1,800000 -1,000000 -101,000000 0,000000 0,000000
112 1734194949 1,400000 -1,000000 -101,000000 0,000000 0,000000
112 1734194950 1,400000 -1,000000 -101,000000 0,000000 0,000000
112 1734194951 1,400000 -1,000000 -101,000000 0,000000 0,000000
112 1734194952 1,400000 -1,000000 -101,000000 0,000000 0,000000
112 1734194953 1,400000 -1,000000 -101,000000 0,000000 0,000000
112 1734194954 2,200000 -1,000000 -101,000000 0,000000 0,000000
112 1734194955 2,200000 -1,000000 -101,000000 0,000000 0,000000
112 1734194956 2,200000 -1,000000 -101,000000 0,000000 0,000000
112 1734194957 2,200000 -1,000000 -101,000000 0,000000 0,000000
112 1734194958 2,200000 -1,000000 -101,000000 0,000000 0,000000
112 1734194959 2,200000 -1,000000 -101,000000 0,000000 0,000000
112 1734194960 2,200000 -1,000000 -101,000000 0,000000 0,000000
112 1734194961 2,200000 -1,000000 -101,000000 0,000000 0,000000
112 1734194962 2,200000 -1,000000 -101,000000 0,000000 0,000000
112 1734194963 2,200000 -1,000000 -101,000000 0,000000 0,000000
112 1734194964 1,400000 -1,000000 -101,000000 0,000000 0,000000
112 1734194965 1,400000 -1,000000 -101,000000 0,000000 0,000000
112 1734194966 1,400000 -1,000000 -101,000000 0,000000 0,000000
112 1734194967 1,400000 -1,000000 -101,000000 0,000000 0,000000
112 1734194968 1,400000 -1,000000 -101,000000 0,000000 0,000000
112 1734194969 1,600000 -1,000000 -101,000000 0,000000 0,000000
112 1734194970 1,600000 -1,000000 -101,000000 0,000000 0,000000
