139 1734193694 42185,000000 -1,000000 -101,000000 0,000000 0,000000
139 1734193695 42185,000000 -1,000000 -101,000000 0,000000 0,000000
139 1734193696 42185,000000 -1,000000 -101,000000 0,000000 0,000000
139 1734193697 42185,000000 -1,000000 -101,000000 0,000000 0,000000
139 1734193698 42185,000000 -1,000000 -101,000000 0,000000 0,000000
139 1734193699 34703,200000 -1,000000 -101,000000 0,000000 0,000000
139 1734193700 34703,200000 -1,000000 -101,000000 0,000000 0,000000
139 1734193701 34703,200000 -1,000000 -101,000000 0,000000 0,000000
139 1734193702 34703,200000 -1,000000 -101,000000 0,000000 0,000000
139 1734193703 34703,200000 -1,000000 -101,000000 0,000000 0,000000
139 1734193704 27019,600000 -1,000000 -101,000000 0,000000 0,000000
139 1734193705 27019,600000 -1,000000 -101,000000 0,000000 0,000000
139 1734193706 27019,600000 -1,000000 -101,000000 0,000000 0,000000
139 1734193707 27019,600000 -1,000000 -101,000000 0,000000 0,000000
139 1734193708 27019,600000 -1,000000 -101,000000 0,000000 0,000000
139 1734193709 5581,000000 -1,000000 -101,000000 0,000000 0,000000
139 1734193710 5581,000000 -1,000000 -101,000000 0,000000 0,000000
139 1734193711 5581,000000 -1,000000 -101,000000 0,000000 0,000000
139 1734193712 5581,000000 -1,000000 -101,000000 0,000000 0,000000
139 1734193713 5581,000000 -1,000000 -101,000000 0,000000 0,000000
139 1734193714 4852,600000 -1,000000 -101,000000 0,000000 0,000000
139 1734193715 4852,600000 -1,000000 -101,000000 0,000000 0,000000
139 1734193716 4852,600000 -1,000000 -101,000000 0,000000 0,000000
139 1734193717 4852,600000 -1,000000 -101,000000 0,000000 0,000000
139 1734193718 4852,600000 -1,000000 -101,000000 0,000000 0,000000
139 1734193719 18083,200000 -1,000000 -101,000000 0,000000 0,000000
139 1734193720 18083,200000 -1,000000 -101,000000 0,000000 0,000000
139 1734193721 18083,200000 -1,000000 -101,000000 0,000000 0,000000
139 1734193722 18083,200000 -1,000000 -101,000000 0,000000 0,000000
139 1734193723 18083,200000 -1,000000 -101,000000 0,000000 0,000000
139 1734193724 18458,000000 -1,000000 -101,000000 0,000000 0,000000
139 1734193725 18458,000000 -1,000000 -101,000000 0,000000 0,000000
139 1734193726 18458,000000 -1,000000 -101,000000 0,000000 0,000000
139 1734193727 18458,000000 -1,000000 -101,000000 0,000000 0,000000
139 1734193728 18458,000000 -1,000000 -101,000000 0,000000 0,000000
139 1734193729 6116,000000 -1,000000 -101,000000 0,000000 0,000000
139 1734193730 6116,000000 -1,000000 -101,000000 0,000000 0,000000
139 1734193731 6116,000000 -1,000000 -101,000000 0,000000 0,000000
139 1734193732 6116,000000 -1,000000 -101,000000 0,000000 0,000000
139 1734193733 6116,000000 -1,000000 -101,000000 0,000000 0,000000
139 1734193739 1857,000000 -1,000000 -101,000000 0,000000 0,000000
139 1734193740 1857,000000 -1,000000 -101,000000 0,000000 0,000000
139 1734193741 1857,000000 -1,000000 -101,000000 0,000000 0,000000
139 1734193742 1857,000000 -1,000000 -101,000000 0,000000 0,000000
139 1734193743 1857,000000 -1,000000 -101,000000 0,000000 0,000000
139 1734193744 556,200000 -1,000000 -101,000000 0,000000 0,000000
139 1734193745 556,200000 -1,000000 -101,000000 0,000000 0,000000
139 1734193746 556,200000 -1,000000 -101,000000 0,000000 0,000000
139 1734193747 556,200000 -1,000000 -101,000000 0,000000 0,000000
139 1734193748 556,200000 -1,000000 -101,000000 0,000000 0,000000
139 1734193754 6302,400000 -1,000000 -101,000000 0,000000 0,000000
139 1734193755 6302,400000 -1,000000 -101,000000 0,000000 0,000000
139 1734193756 6302,400000 -1,000000 -101,000000 0,000000 0,000000
139 1734193757 6302,400000 -1,000000 -101,000000 0,000000 0,000000
139 1734193758 6302,400000 -1,000000 -101,000000 0,000000 0,000000
139 1734193759 3170,800000 -1,000000 -101,000000 0,000000 0,000000
139 1734193760 3170,800000 -1,000000 -101,000000 0,000000 0,000000
139 1734193761 3170,800000 -1,000000 -101,000000 0,000000 0,000000
139 1734193762 3170,800000 -1,000000 -101,000000 0,000000 0,000000
139 1734193763 3170,800000 -1,000000 -101,000000 0,000000 0,000000
139 1734193764 15386,600000 -1,000000 -101,000000 0,000000 0,000000
139 1734193765 15386,600000 -1,000000 -101,000000 0,000000 0,000000
139 1734193766 15386,600000 -1,000000 -101,000000 0,000000 0,000000
139 1734193767 15386,600000 -1,000000 -101,000000 0,000000 0,000000
139 1734193768 15386,600000 -1,000000 -101,000000 0,000000 0,000000
139 1734193769 5156,800000 -1,000000 -101,000000 0,000000 0,000000
139 1734193770 5156,800000 -1,000000 -101,000000 0,000000 0,000000
139 1734193771 5156,800000 -1,000000 -101,000000 0,000000 0,000000
139 1734193772 5156,800000 -1,000000 -101,000000 0,000000 0,000000
139 1734193773 5156,800000 -1,000000 -101,000000 0,000000 0,000000
139 1734193774 6846,800000 -1,000000 -101,000000 0,000000 0,000000
139 1734193775 6846,800000 -1,000000 -101,000000 0,000000 0,000000
139 1734193776 6846,800000 -1,000000 -101,000000 0,000000 0,000000
139 1734193777 6846,800000 -1,000000 -101,000000 0,000000 0,000000
139 1734193778 6846,800000 -1,000000 -101,000000 0,000000 0,000000
139 1734193779 6584,400000 -1,000000 -101,000000 0,000000 0,000000
139 1734193780 6584,400000 -1,000000 -101,000000 0,000000 0,000000
139 1734193781 6584,400000 -1,000000 -101,000000 0,000000 0,000000
139 1734193782 6584,400000 -1,000000 -101,000000 0,000000 0,000000
139 1734193783 6584,400000 -1,000000 -101,000000 0,000000 0,000000
139 1734193784 4070,800000 -1,000000 -101,000000 0,000000 0,000000
139 1734193785 4070,800000 -1,000000 -101,000000 0,000000 0,000000
139 1734193786 4070,800000 -1,000000 -101,000000 0,000000 0,000000
139 1734193787 4070,800000 -1,000000 -101,000000 0,000000 0,000000
139 1734193788 4070,800000 -1,000000 -101,000000 0,000000 0,000000
139 1734193789 21592,200000 -1,000000 -101,000000 0,000000 0,000000
139 1734193790 21592,200000 -1,000000 -101,000000 0,000000 0,000000
139 1734193791 21592,200000 -1,000000 -101,000000 0,000000 0,000000
139 1734193792 21592,200000 -1,000000 -101,000000 0,000000 0,000000
139 1734193793 21592,200000 -1,000000 -101,000000 0,000000 0,000000
139 1734193794 6247,400000 -1,000000 -101,000000 0,000000 0,000000
139 1734193795 6247,400000 -1,000000 -101,000000 0,000000 0,000000
139 1734193796 6247,400000 -1,000000 -101,000000 0,000000 0,000000
139 1734193797 6247,400000 -1,000000 -101,000000 0,000000 0,000000
139 1734193798 6247,400000 -1,000000 -101,000000 0,000000 0,000000
139 1734193799 10397,200000 -1,000000 -101,000000 0,000000 0,000000
139 1734193800 10397,200000 -1,000000 -101,000000 0,000000 0,000000
139 1734193801 10397,200000 -1,000000 -101,000000 0,000000 0,000000
139 1734193802 10397,200000 -1,000000 -101,000000 0,000000 0,000000
139 1734193803 10397,200000 -1,000000 -101,000000 0,000000 0,000000
139 1734193804 4071,200000 -1,000000 -101,000000 0,000000 0,000000
139 1734193805 4071,200000 -1,000000 -101,000000 0,000000 0,000000
139 1734193806 4071,200000 -1,000000 -101,000000 0,000000 0,000000
139 1734193807 4071,200000 -1,000000 -101,000000 0,000000 0,000000
139 1734193808 4071,200000 -1,000000 -101,000000 0,000000 0,000000
139 1734193809 2943,600000 -1,000000 -101,000000 0,000000 0,000000
139 1734193810 2943,600000 -1,000000 -101,000000 0,000000 0,000000
139 1734193811 2943,600000 -1,000000 -101,000000 0,000000 0,000000
139 1734193812 2943,600000 -1,000000 -101,000000 0,000000 0,000000
139 1734193813 2943,600000 -1,000000 -101,000000 0,000000 0,000000
139 1734193814 7577,800000 -1,000000 -101,000000 0,000000 0,000000
139 1734193815 7577,800000 -1,000000 -101,000000 0,000000 0,000000
139 1734193816 7577,800000 -1,000000 -101,000000 0,000000 0,000000
139 1734193817 7577,800000 -1,000000 -101,000000 0,000000 0,000000
139 1734193818 7577,800000 -1,000000 -101,000000 0,000000 0,000000
139 1734193819 5334,400000 -1,000000 -101,000000 0,000000 0,000000
139 1734193820 5334,400000 -1,000000 -101,000000 0,000000 0,000000
139 1734193821 5334,400000 -1,000000 -101,000000 0,000000 0,000000
139 1734193822 5334,400000 -1,000000 -101,000000 0,000000 0,000000
139 1734193823 5334,400000 -1,000000 -101,000000 0,000000 0,000000
139 1734193824 5542,000000 -1,000000 -101,000000 0,000000 0,000000
139 1734193825 5542,000000 -1,000000 -101,000000 0,000000 0,000000
139 1734193826 5542,000000 -1,000000 -101,000000 0,000000 0,000000
139 1734193827 5542,000000 -1,000000 -101,000000 0,000000 0,000000
139 1734193828 5542,000000 -1,000000 -101,000000 0,000000 0,000000
139 1734193834 22128,800000 -1,000000 -101,000000 0,000000 0,000000
139 1734193835 22128,800000 -1,000000 -101,000000 0,000000 0,000000
139 1734193836 22128,800000 -1,000000 -101,000000 0,000000 0,000000
139 1734193837 22128,800000 -1,000000 -101,000000 0,000000 0,000000
139 1734193838 22128,800000 -1,000000 -101,000000 0,000000 0,000000
139 1734193839 36475,000000 -1,000000 -101,000000 0,000000 0,000000
139 1734193840 36475,000000 -1,000000 -101,000000 0,000000 0,000000
139 1734193841 36475,000000 -1,000000 -101,000000 0,000000 0,000000
139 1734193842 36475,000000 -1,000000 -101,000000 0,000000 0,000000
139 1734193843 36475,000000 -1,000000 -101,000000 0,000000 0,000000
139 1734193844 26637,600000 -1,000000 -101,000000 0,000000 0,000000
139 1734193845 26637,600000 -1,000000 -101,000000 0,000000 0,000000
139 1734193846 26637,600000 -1,000000 -101,000000 0,000000 0,000000
139 1734193847 26637,600000 -1,000000 -101,000000 0,000000 0,000000
139 1734193848 26637,600000 -1,000000 -101,000000 0,000000 0,000000
139 1734193849 2840,400000 -1,000000 -101,000000 0,000000 0,000000
139 1734193850 2840,400000 -1,000000 -101,000000 0,000000 0,000000
139 1734193851 2840,400000 -1,000000 -101,000000 0,000000 0,000000
139 1734193852 2840,400000 -1,000000 -101,000000 0,000000 0,000000
139 1734193853 2840,400000 -1,000000 -101,000000 0,000000 0,000000
139 1734193854 7926,400000 -1,000000 -101,000000 0,000000 0,000000
139 1734193855 7926,400000 -1,000000 -101,000000 0,000000 0,000000
139 1734193856 7926,400000 -1,000000 -101,000000 0,000000 0,000000
139 1734193857 7926,400000 -1,000000 -101,000000 0,000000 0,000000
139 1734193858 7926,400000 -1,000000 -101,000000 0,000000 0,000000
139 1734193859 9642,000000 -1,000000 -101,000000 0,000000 0,000000
139 1734193860 9642,000000 -1,000000 -101,000000 0,000000 0,000000
139 1734193861 9642,000000 -1,000000 -101,000000 0,000000 0,000000
139 1734193862 9642,000000 -1,000000 -101,000000 0,000000 0,000000
139 1734193863 9642,000000 -1,000000 -101,000000 0,000000 0,000000
139 1734193864 4070,800000 -1,000000 -101,000000 0,000000 0,000000
139 1734193865 4070,800000 -1,000000 -101,000000 0,000000 0,000000
139 1734193866 4070,800000 -1,000000 -101,000000 0,000000 0,000000
139 1734193867 4070,800000 -1,000000 -101,000000 0,000000 0,000000
139 1734193868 4070,800000 -1,000000 -101,000000 0,000000 0,000000
139 1734193869 1085,800000 -1,000000 -101,000000 0,000000 0,000000
139 1734193870 1085,800000 -1,000000 -101,000000 0,000000 0,000000
139 1734193871 1085,800000 -1,000000 -101,000000 0,000000 0,000000
139 1734193872 1085,800000 -1,000000 -101,000000 0,000000 0,000000
139 1734193873 1085,800000 -1,000000 -101,000000 0,000000 0,000000
139 1734193874 13666,000000 -1,000000 -101,000000 0,000000 0,000000
139 1734193875 13666,000000 -1,000000 -101,000000 0,000000 0,000000
139 1734193876 13666,000000 -1,000000 -101,000000 0,000000 0,000000
139 1734193877 13666,000000 -1,000000 -101,000000 0,000000 0,000000
139 1734193878 13666,000000 -1,000000 -101,000000 0,000000 0,000000
139 1734193879 6132,400000 -1,000000 -101,000000 0,000000 0,000000
139 1734193880 6132,400000 -1,000000 -101,000000 0,000000 0,000000
139 1734193881 6132,400000 -1,000000 -101,000000 0,000000 0,000000
139 1734193882 6132,400000 -1,000000 -101,000000 0,000000 0,000000
139 1734193883 6132,400000 -1,000000 -101,000000 0,000000 0,000000
139 1734193884 1111,600000 -1,000000 -101,000000 0,000000 0,000000
139 1734193885 1111,600000 -1,000000 -101,000000 0,000000 0,000000
139 1734193886 1111,600000 -1,000000 -101,000000 0,000000 0,000000
139 1734193887 1111,600000 -1,000000 -101,000000 0,000000 0,000000
139 1734193888 1111,600000 -1,000000 -101,000000 0,000000 0,000000
139 1734193889 556,200000 -1,000000 -101,000000 0,000000 0,000000
139 1734193890 556,200000 -1,000000 -101,000000 0,000000 0,000000
139 1734193891 556,200000 -1,000000 -101,000000 0,000000 0,000000
139 1734193892 556,200000 -1,000000 -101,000000 0,000000 0,000000
139 1734193893 556,200000 -1,000000 -101,000000 0,000000 0,000000
139 1734193894 4989,200000 -1,000000 -101,000000 0,000000 0,000000
139 1734193895 4989,200000 -1,000000 -101,000000 0,000000 0,000000
139 1734193896 4989,200000 -1,000000 -101,000000 0,000000 0,000000
139 1734193897 4989,200000 -1,000000 -101,000000 0,000000 0,000000
139 1734193898 4989,200000 -1,000000 -101,000000 0,000000 0,000000
139 1734193899 3162,000000 -1,000000 -101,000000 0,000000 0,000000
139 1734193900 3162,000000 -1,000000 -101,000000 0,000000 0,000000
139 1734193901 3162,000000 -1,000000 -101,000000 0,000000 0,000000
139 1734193902 3162,000000 -1,000000 -101,000000 0,000000 0,000000
139 1734193903 3162,000000 -1,000000 -101,000000 0,000000 0,000000
139 1734193904 12222,000000 -1,000000 -101,000000 0,000000 0,000000
139 1734193905 12222,000000 -1,000000 -101,000000 0,000000 0,000000
139 1734193906 12222,000000 -1,000000 -101,000000 0,000000 0,000000
139 1734193907 12222,000000 -1,000000 -101,000000 0,000000 0,000000
139 1734193908 12222,000000 -1,000000 -101,000000 0,000000 0,000000
139 1734193909 12355,200000 -1,000000 -101,000000 0,000000 0,000000
139 1734193910 12355,200000 -1,000000 -101,000000 0,000000 0,000000
139 1734193911 12355,200000 -1,000000 -101,000000 0,000000 0,000000
139 1734193912 12355,200000 -1,000000 -101,000000 0,000000 0,000000
139 1734193913 12355,200000 -1,000000 -101,000000 0,000000 0,000000
139 1734193914 1242,400000 -1,000000 -101,000000 0,000000 0,000000
139 1734193915 1242,400000 -1,000000 -101,000000 0,000000 0,000000
139 1734193916 1242,400000 -1,000000 -101,000000 0,000000 0,000000
139 1734193917 1242,400000 -1,000000 -101,000000 0,000000 0,000000
139 1734193918 1242,400000 -1,000000 -101,000000 0,000000 0,000000
139 1734193919 6280,200000 -1,000000 -101,000000 0,000000 0,000000
139 1734193920 6280,200000 -1,000000 -101,000000 0,000000 0,000000
139 1734193921 6280,200000 -1,000000 -101,000000 0,000000 0,000000
139 1734193922 6280,200000 -1,000000 -101,000000 0,000000 0,000000
139 1734193923 6280,200000 -1,000000 -101,000000 0,000000 0,000000
139 1734193924 5413,000000 -1,000000 -101,000000 0,000000 0,000000
139 1734193925 5413,000000 -1,000000 -101,000000 0,000000 0,000000
139 1734193926 5413,000000 -1,000000 -101,000000 0,000000 0,000000
139 1734193927 5413,000000 -1,000000 -101,000000 0,000000 0,000000
139 1734193928 5413,000000 -1,000000 -101,000000 0,000000 0,000000
139 1734193929 5968,400000 -1,000000 -101,000000 0,000000 0,000000
139 1734193930 5968,400000 -1,000000 -101,000000 0,000000 0,000000
139 1734193931 5968,400000 -1,000000 -101,000000 0,000000 0,000000
139 1734193932 5968,400000 -1,000000 -101,000000 0,000000 0,000000
139 1734193933 5968,400000 -1,000000 -101,000000 0,000000 0,000000
139 1734193934 11293,600000 -1,000000 -101,000000 0,000000 0,000000
139 1734193935 11293,600000 -1,000000 -101,000000 0,000000 0,000000
139 1734193936 11293,600000 -1,000000 -101,000000 0,000000 0,000000
139 1734193937 11293,600000 -1,000000 -101,000000 0,000000 0,000000
139 1734193938 11293,600000 -1,000000 -101,000000 0,000000 0,000000
139 1734193939 6323,800000 -1,000000 -101,000000 0,000000 0,000000
139 1734193940 6323,800000 -1,000000 -101,000000 0,000000 0,000000
139 1734193941 6323,800000 -1,000000 -101,000000 0,000000 0,000000
139 1734193942 6323,800000 -1,000000 -101,000000 0,000000 0,000000
139 1734193943 6323,800000 -1,000000 -101,000000 0,000000 0,000000
139 1734193944 11299,600000 -1,000000 -101,000000 0,000000 0,000000
139 1734193945 11299,600000 -1,000000 -101,000000 0,000000 0,000000
139 1734193946 11299,600000 -1,000000 -101,000000 0,000000 0,000000
139 1734193947 11299,600000 -1,000000 -101,000000 0,000000 0,000000
139 1734193948 11299,600000 -1,000000 -101,000000 0,000000 0,000000
139 1734193949 1084,600000 -1,000000 -101,000000 0,000000 0,000000
139 1734193950 1084,600000 -1,000000 -101,000000 0,000000 0,000000
139 1734193951 1084,600000 -1,000000 -101,000000 0,000000 0,000000
139 1734193952 1084,600000 -1,000000 -101,000000 0,000000 0,000000
139 1734193953 1084,600000 -1,000000 -101,000000 0,000000 0,000000
139 1734193954 3072,600000 -1,000000 -101,000000 0,000000 0,000000
139 1734193955 3072,600000 -1,000000 -101,000000 0,000000 0,000000
139 1734193956 3072,600000 -1,000000 -101,000000 0,000000 0,000000
139 1734193957 3072,600000 -1,000000 -101,000000 0,000000 0,000000
139 1734193958 3072,600000 -1,000000 -101,000000 0,000000 0,000000
139 1734193959 1669,400000 -1,000000 -101,000000 0,000000 0,000000
139 1734193960 1669,400000 -1,000000 -101,000000 0,000000 0,000000
139 1734193961 1669,400000 -1,000000 -101,000000 0,000000 0,000000
139 1734193962 1669,400000 -1,000000 -101,000000 0,000000 0,000000
139 1734193963 1669,400000 -1,000000 -101,000000 0,000000 0,000000
139 1734193974 15106,000000 -1,000000 -101,000000 0,000000 0,000000
139 1734193975 15106,000000 -1,000000 -101,000000 0,000000 0,000000
139 1734193976 15106,000000 -1,000000 -101,000000 0,000000 0,000000
139 1734193977 15106,000000 -1,000000 -101,000000 0,000000 0,000000
139 1734193978 15106,000000 -1,000000 -101,000000 0,000000 0,000000
139 1734193979 15431,600000 -1,000000 -101,000000 0,000000 0,000000
139 1734193980 15431,600000 -1,000000 -101,000000 0,000000 0,000000
139 1734193981 15431,600000 -1,000000 -101,000000 0,000000 0,000000
139 1734193982 15431,600000 -1,000000 -101,000000 0,000000 0,000000
139 1734193983 15431,600000 -1,000000 -101,000000 0,000000 0,000000
139 1734193984 3734,200000 -1,000000 -101,000000 0,000000 0,000000
139 1734193985 3734,200000 -1,000000 -101,000000 0,000000 0,000000
139 1734193986 3734,200000 -1,000000 -101,000000 0,000000 0,000000
139 1734193987 3734,200000 -1,000000 -101,000000 0,000000 0,000000
139 1734193988 3734,200000 -1,000000 -101,000000 0,000000 0,000000
139 1734193989 7077,000000 -1,000000 -101,000000 0,000000 0,000000
139 1734193990 7077,000000 -1,000000 -101,000000 0,000000 0,000000
139 1734193991 7077,000000 -1,000000 -101,000000 0,000000 0,000000
139 1734193992 7077,000000 -1,000000 -101,000000 0,000000 0,000000
139 1734193993 7077,000000 -1,000000 -101,000000 0,000000 0,000000
139 1734193994 11293,200000 -1,000000 -101,000000 0,000000 0,000000
139 1734193995 11293,200000 -1,000000 -101,000000 0,000000 0,000000
139 1734193996 11293,200000 -1,000000 -101,000000 0,000000 0,000000
139 1734193997 11293,200000 -1,000000 -101,000000 0,000000 0,000000
139 1734193998 11293,200000 -1,000000 -101,000000 0,000000 0,000000
139 1734193999 11930,200000 -1,000000 -101,000000 0,000000 0,000000
139 1734194000 11930,200000 -1,000000 -101,000000 0,000000 0,000000
139 1734194001 11930,200000 -1,000000 -101,000000 0,000000 0,000000
139 1734194002 11930,200000 -1,000000 -101,000000 0,000000 0,000000
139 1734194003 11930,200000 -1,000000 -101,000000 0,000000 0,000000
139 1734194004 5182,400000 -1,000000 -101,000000 0,000000 0,000000
139 1734194005 5182,400000 -1,000000 -101,000000 0,000000 0,000000
139 1734194006 5182,400000 -1,000000 -101,000000 0,000000 0,000000
139 1734194007 5182,400000 -1,000000 -101,000000 0,000000 0,000000
139 1734194008 5182,400000 -1,000000 -101,000000 0,000000 0,000000
139 1734194009 1084,000000 -1,000000 -101,000000 0,000000 0,000000
139 1734194010 1084,000000 -1,000000 -101,000000 0,000000 0,000000
139 1734194011 1084,000000 -1,000000 -101,000000 0,000000 0,000000
139 1734194012 1084,000000 -1,000000 -101,000000 0,000000 0,000000
139 1734194013 1084,000000 -1,000000 -101,000000 0,000000 0,000000
139 1734194014 6201,200000 -1,000000 -101,000000 0,000000 0,000000
139 1734194015 6201,200000 -1,000000 -101,000000 0,000000 0,000000
139 1734194016 6201,200000 -1,000000 -101,000000 0,000000 0,000000
139 1734194017 6201,200000 -1,000000 -101,000000 0,000000 0,000000
139 1734194018 6201,200000 -1,000000 -101,000000 0,000000 0,000000
139 1734194019 10878,800000 -1,000000 -101,000000 0,000000 0,000000
139 1734194020 10878,800000 -1,000000 -101,000000 0,000000 0,000000
139 1734194021 10878,800000 -1,000000 -101,000000 0,000000 0,000000
139 1734194022 10878,800000 -1,000000 -101,000000 0,000000 0,000000
139 1734194023 10878,800000 -1,000000 -101,000000 0,000000 0,000000
139 1734194024 10782,000000 -1,000000 -101,000000 0,000000 0,000000
139 1734194025 10782,000000 -1,000000 -101,000000 0,000000 0,000000
139 1734194026 10782,000000 -1,000000 -101,000000 0,000000 0,000000
139 1734194027 10782,000000 -1,000000 -101,000000 0,000000 0,000000
139 1734194028 10782,000000 -1,000000 -101,000000 0,000000 0,000000
139 1734194029 1087,400000 -1,000000 -101,000000 0,000000 0,000000
139 1734194030 1087,400000 -1,000000 -101,000000 0,000000 0,000000
139 1734194031 1087,400000 -1,000000 -101,000000 0,000000 0,000000
139 1734194032 1087,400000 -1,000000 -101,000000 0,000000 0,000000
139 1734194033 1087,400000 -1,000000 -101,000000 0,000000 0,000000
139 1734194034 1770,800000 -1,000000 -101,000000 0,000000 0,000000
139 1734194035 1770,800000 -1,000000 -101,000000 0,000000 0,000000
139 1734194036 1770,800000 -1,000000 -101,000000 0,000000 0,000000
139 1734194037 1770,800000 -1,000000 -101,000000 0,000000 0,000000
139 1734194038 1770,800000 -1,000000 -101,000000 0,000000 0,000000
139 1734194039 1112,800000 -1,000000 -101,000000 0,000000 0,000000
139 1734194040 1112,800000 -1,000000 -101,000000 0,000000 0,000000
139 1734194041 1112,800000 -1,000000 -101,000000 0,000000 0,000000
139 1734194042 1112,800000 -1,000000 -101,000000 0,000000 0,000000
139 1734194043 1112,800000 -1,000000 -101,000000 0,000000 0,000000
139 1734194044 8152,400000 -1,000000 -101,000000 0,000000 0,000000
139 1734194045 8152,400000 -1,000000 -101,000000 0,000000 0,000000
139 1734194046 8152,400000 -1,000000 -101,000000 0,000000 0,000000
139 1734194047 8152,400000 -1,000000 -101,000000 0,000000 0,000000
139 1734194048 8152,400000 -1,000000 -101,000000 0,000000 0,000000
139 1734194049 5154,200000 -1,000000 -101,000000 0,000000 0,000000
139 1734194050 5154,200000 -1,000000 -101,000000 0,000000 0,000000
139 1734194051 5154,200000 -1,000000 -101,000000 0,000000 0,000000
139 1734194052 5154,200000 -1,000000 -101,000000 0,000000 0,000000
139 1734194053 5154,200000 -1,000000 -101,000000 0,000000 0,000000
139 1734194054 12420,000000 -1,000000 -101,000000 0,000000 0,000000
139 1734194055 12420,000000 -1,000000 -101,000000 0,000000 0,000000
139 1734194056 12420,000000 -1,000000 -101,000000 0,000000 0,000000
139 1734194057 12420,000000 -1,000000 -101,000000 0,000000 0,000000
139 1734194058 12420,000000 -1,000000 -101,000000 0,000000 0,000000
139 1734194059 7900,000000 -1,000000 -101,000000 0,000000 0,000000
139 1734194060 7900,000000 -1,000000 -101,000000 0,000000 0,000000
139 1734194061 7900,000000 -1,000000 -101,000000 0,000000 0,000000
139 1734194062 7900,000000 -1,000000 -101,000000 0,000000 0,000000
139 1734194063 7900,000000 -1,000000 -101,000000 0,000000 0,000000
139 1734194064 1112,400000 -1,000000 -101,000000 0,000000 0,000000
139 1734194065 1112,400000 -1,000000 -101,000000 0,000000 0,000000
139 1734194066 1112,400000 -1,000000 -101,000000 0,000000 0,000000
139 1734194067 1112,400000 -1,000000 -101,000000 0,000000 0,000000
139 1734194068 1112,400000 -1,000000 -101,000000 0,000000 0,000000
139 1734194069 5615,800000 -1,000000 -101,000000 0,000000 0,000000
139 1734194070 5615,800000 -1,000000 -101,000000 0,000000 0,000000
139 1734194071 5615,800000 -1,000000 -101,000000 0,000000 0,000000
139 1734194072 5615,800000 -1,000000 -101,000000 0,000000 0,000000
139 1734194073 5615,800000 -1,000000 -101,000000 0,000000 0,000000
139 1734194089 6116,000000 -1,000000 -101,000000 0,000000 0,000000
139 1734194090 6116,000000 -1,000000 -101,000000 0,000000 0,000000
139 1734194091 6116,000000 -1,000000 -101,000000 0,000000 0,000000
139 1734194092 6116,000000 -1,000000 -101,000000 0,000000 0,000000
139 1734194093 6116,000000 -1,000000 -101,000000 0,000000 0,000000
139 1734194094 4989,600000 -1,000000 -101,000000 0,000000 0,000000
139 1734194095 4989,600000 -1,000000 -101,000000 0,000000 0,000000
139 1734194096 4989,600000 -1,000000 -101,000000 0,000000 0,000000
139 1734194097 4989,600000 -1,000000 -101,000000 0,000000 0,000000
139 1734194098 4989,600000 -1,000000 -101,000000 0,000000 0,000000
139 1734194099 10014,000000 -1,000000 -101,000000 0,000000 0,000000
139 1734194100 10014,000000 -1,000000 -101,000000 0,000000 0,000000
139 1734194101 10014,000000 -1,000000 -101,000000 0,000000 0,000000
139 1734194102 10014,000000 -1,000000 -101,000000 0,000000 0,000000
139 1734194103 10014,000000 -1,000000 -101,000000 0,000000 0,000000
139 1734194104 7794,600000 -1,000000 -101,000000 0,000000 0,000000
139 1734194105 7794,600000 -1,000000 -101,000000 0,000000 0,000000
139 1734194106 7794,600000 -1,000000 -101,000000 0,000000 0,000000
139 1734194107 7794,600000 -1,000000 -101,000000 0,000000 0,000000
139 1734194108 7794,600000 -1,000000 -101,000000 0,000000 0,000000
139 1734194109 5154,200000 -1,000000 -101,000000 0,000000 0,000000
139 1734194110 5154,200000 -1,000000 -101,000000 0,000000 0,000000
139 1734194111 5154,200000 -1,000000 -101,000000 0,000000 0,000000
139 1734194112 5154,200000 -1,000000 -101,000000 0,000000 0,000000
139 1734194113 5154,200000 -1,000000 -101,000000 0,000000 0,000000
139 1734194114 23499,400000 -1,000000 -101,000000 0,000000 0,000000
139 1734194115 23499,400000 -1,000000 -101,000000 0,000000 0,000000
139 1734194116 23499,400000 -1,000000 -101,000000 0,000000 0,000000
139 1734194117 23499,400000 -1,000000 -101,000000 0,000000 0,000000
139 1734194118 23499,400000 -1,000000 -101,000000 0,000000 0,000000
139 1734194119 14095,400000 -1,000000 -101,000000 0,000000 0,000000
139 1734194120 14095,400000 -1,000000 -101,000000 0,000000 0,000000
139 1734194121 14095,400000 -1,000000 -101,000000 0,000000 0,000000
139 1734194122 14095,400000 -1,000000 -101,000000 0,000000 0,000000
139 1734194123 14095,400000 -1,000000 -101,000000 0,000000 0,000000
139 1734194124 11841,000000 -1,000000 -101,000000 0,000000 0,000000
139 1734194125 11841,000000 -1,000000 -101,000000 0,000000 0,000000
139 1734194126 11841,000000 -1,000000 -101,000000 0,000000 0,000000
139 1734194127 11841,000000 -1,000000 -101,000000 0,000000 0,000000
139 1734194128 11841,000000 -1,000000 -101,000000 0,000000 0,000000
139 1734194129 10096,600000 -1,000000 -101,000000 0,000000 0,000000
139 1734194130 10096,600000 -1,000000 -101,000000 0,000000 0,000000
139 1734194131 10096,600000 -1,000000 -101,000000 0,000000 0,000000
139 1734194132 10096,600000 -1,000000 -101,000000 0,000000 0,000000
139 1734194133 10096,600000 -1,000000 -101,000000 0,000000 0,000000
139 1734194134 1859,000000 -1,000000 -101,000000 0,000000 0,000000
139 1734194135 1859,000000 -1,000000 -101,000000 0,000000 0,000000
139 1734194136 1859,000000 -1,000000 -101,000000 0,000000 0,000000
139 1734194137 1859,000000 -1,000000 -101,000000 0,000000 0,000000
139 1734194138 1859,000000 -1,000000 -101,000000 0,000000 0,000000
139 1734194139 5609,000000 -1,000000 -101,000000 0,000000 0,000000
139 1734194140 5609,000000 -1,000000 -101,000000 0,000000 0,000000
139 1734194141 5609,000000 -1,000000 -101,000000 0,000000 0,000000
139 1734194142 5609,000000 -1,000000 -101,000000 0,000000 0,000000
139 1734194143 5609,000000 -1,000000 -101,000000 0,000000 0,000000
139 1734194159 6116,000000 -1,000000 -101,000000 0,000000 0,000000
139 1734194160 6116,000000 -1,000000 -101,000000 0,000000 0,000000
139 1734194161 6116,000000 -1,000000 -101,000000 0,000000 0,000000
139 1734194162 6116,000000 -1,000000 -101,000000 0,000000 0,000000
139 1734194163 6116,000000 -1,000000 -101,000000 0,000000 0,000000
139 1734194169 1863,800000 -1,000000 -101,000000 0,000000 0,000000
139 1734194170 1863,800000 -1,000000 -101,000000 0,000000 0,000000
139 1734194171 1863,800000 -1,000000 -101,000000 0,000000 0,000000
139 1734194172 1863,800000 -1,000000 -101,000000 0,000000 0,000000
139 1734194173 1863,800000 -1,000000 -101,000000 0,000000 0,000000
139 1734194174 11293,600000 -1,000000 -101,000000 0,000000 0,000000
139 1734194175 11293,600000 -1,000000 -101,000000 0,000000 0,000000
139 1734194176 11293,600000 -1,000000 -101,000000 0,000000 0,000000
139 1734194177 11293,600000 -1,000000 -101,000000 0,000000 0,000000
139 1734194178 11293,600000 -1,000000 -101,000000 0,000000 0,000000
139 1734194179 6893,400000 -1,000000 -101,000000 0,000000 0,000000
139 1734194180 6893,400000 -1,000000 -101,000000 0,000000 0,000000
139 1734194181 6893,400000 -1,000000 -101,000000 0,000000 0,000000
139 1734194182 6893,400000 -1,000000 -101,000000 0,000000 0,000000
139 1734194183 6893,400000 -1,000000 -101,000000 0,000000 0,000000
139 1734194184 13336,000000 -1,000000 -101,000000 0,000000 0,000000
139 1734194185 13336,000000 -1,000000 -101,000000 0,000000 0,000000
139 1734194186 13336,000000 -1,000000 -101,000000 0,000000 0,000000
139 1734194187 13336,000000 -1,000000 -101,000000 0,000000 0,000000
139 1734194188 13336,000000 -1,000000 -101,000000 0,000000 0,000000
139 1734194189 6240,200000 -1,000000 -101,000000 0,000000 0,000000
139 1734194190 6240,200000 -1,000000 -101,000000 0,000000 0,000000
139 1734194191 6240,200000 -1,000000 -101,000000 0,000000 0,000000
139 1734194192 6240,200000 -1,000000 -101,000000 0,000000 0,000000
139 1734194193 6240,200000 -1,000000 -101,000000 0,000000 0,000000
139 1734194194 1241,800000 -1,000000 -101,000000 0,000000 0,000000
139 1734194195 1241,800000 -1,000000 -101,000000 0,000000 0,000000
139 1734194196 1241,800000 -1,000000 -101,000000 0,000000 0,000000
139 1734194197 1241,800000 -1,000000 -101,000000 0,000000 0,000000
139 1734194198 1241,800000 -1,000000 -101,000000 0,000000 0,000000
139 1734194199 15040,600000 -1,000000 -101,000000 0,000000 0,000000
139 1734194200 15040,600000 -1,000000 -101,000000 0,000000 0,000000
139 1734194201 15040,600000 -1,000000 -101,000000 0,000000 0,000000
139 1734194202 15040,600000 -1,000000 -101,000000 0,000000 0,000000
139 1734194203 15040,600000 -1,000000 -101,000000 0,000000 0,000000
139 1734194204 5028,600000 -1,000000 -101,000000 0,000000 0,000000
139 1734194205 5028,600000 -1,000000 -101,000000 0,000000 0,000000
139 1734194206 5028,600000 -1,000000 -101,000000 0,000000 0,000000
139 1734194207 5028,600000 -1,000000 -101,000000 0,000000 0,000000
139 1734194208 5028,600000 -1,000000 -101,000000 0,000000 0,000000
139 1734194209 9116,400000 -1,000000 -101,000000 0,000000 0,000000
139 1734194210 9116,400000 -1,000000 -101,000000 0,000000 0,000000
139 1734194211 9116,400000 -1,000000 -101,000000 0,000000 0,000000
139 1734194212 9116,400000 -1,000000 -101,000000 0,000000 0,000000
139 1734194213 9116,400000 -1,000000 -101,000000 0,000000 0,000000
139 1734194214 1642,600000 -1,000000 -101,000000 0,000000 0,000000
139 1734194215 1642,600000 -1,000000 -101,000000 0,000000 0,000000
139 1734194216 1642,600000 -1,000000 -101,000000 0,000000 0,000000
139 1734194217 1642,600000 -1,000000 -101,000000 0,000000 0,000000
139 1734194218 1642,600000 -1,000000 -101,000000 0,000000 0,000000
139 1734194219 1227,800000 -1,000000 -101,000000 0,000000 0,000000
139 1734194220 1227,800000 -1,000000 -101,000000 0,000000 0,000000
139 1734194221 1227,800000 -1,000000 -101,000000 0,000000 0,000000
139 1734194283 8020,400000 -1,000000 8020,400000 8020,400000 0,000000
139 1734194282 8020,400000 -1,000000 8020,400000 8020,400000 0,000000
139 1734194281 8020,400000 -1,000000 8020,400000 8020,400000 0,000000
139 1734194280 8020,400000 -1,000000 8020,400000 8020,400000 0,000000
139 1734194279 8020,400000 -1,000000 8020,400000 8020,400000 0,000000
139 1734194278 1244,400000 -1,000000 1244,400000 1244,400000 0,000000
139 1734194277 1244,400000 -1,000000 1244,400000 1244,400000 0,000000
139 1734194276 1244,400000 -1,000000 1244,400000 1244,400000 0,000000
139 1734194275 1244,400000 -1,000000 1244,400000 1244,400000 0,000000
139 1734194274 1244,400000 -1,000000 1244,400000 1244,400000 0,000000
139 1734194273 12410,000000 -1,000000 12410,000000 12410,000000 0,000000
139 1734194272 12410,000000 -1,000000 12410,000000 12410,000000 0,000000
139 1734194271 12410,000000 -1,000000 12410,000000 12410,000000 0,000000
139 1734194270 12410,000000 -1,000000 12410,000000 12410,000000 0,000000
139 1734194269 12410,000000 -1,000000 12410,000000 12410,000000 0,000000
139 1734194268 7081,200000 -1,000000 7081,200000 7081,200000 0,000000
139 1734194267 7081,200000 -1,000000 7081,200000 7081,200000 0,000000
139 1734194266 7081,200000 -1,000000 7081,200000 7081,200000 0,000000
139 1734194265 7081,200000 -1,000000 7081,200000 7081,200000 0,000000
139 1734194264 7081,200000 -1,000000 7081,200000 7081,200000 0,000000
139 1734194263 11735,000000 -1,000000 11735,000000 11735,000000 0,000000
139 1734194262 11735,000000 -1,000000 11735,000000 11735,000000 0,000000
139 1734194261 11735,000000 -1,000000 11735,000000 11735,000000 0,000000
139 1734194260 11735,000000 -1,000000 11735,000000 11735,000000 0,000000
139 1734194259 11735,000000 -1,000000 11735,000000 11735,000000 0,000000
139 1734194258 19839,600000 -1,000000 19839,600000 19839,600000 0,000000
139 1734194257 19839,600000 -1,000000 19839,600000 19839,600000 0,000000
139 1734194256 19839,600000 -1,000000 19839,600000 19839,600000 0,000000
139 1734194255 19839,600000 -1,000000 19839,600000 19839,600000 0,000000
139 1734194254 19839,600000 -1,000000 19839,600000 19839,600000 0,000000
139 1734194253 556,000000 -1,000000 556,000000 556,000000 0,000000
139 1734194252 556,000000 -1,000000 556,000000 556,000000 0,000000
139 1734194251 556,000000 -1,000000 556,000000 556,000000 0,000000
139 1734194250 556,000000 -1,000000 556,000000 556,000000 0,000000
139 1734194249 556,000000 -1,000000 556,000000 556,000000 0,000000
139 1734194248 1112,000000 -1,000000 1112,000000 1112,000000 0,000000
139 1734194247 1112,000000 -1,000000 1112,000000 1112,000000 0,000000
139 1734194246 1112,000000 -1,000000 1112,000000 1112,000000 0,000000
139 1734194245 1112,000000 -1,000000 1112,000000 1112,000000 0,000000
139 1734194244 1112,000000 -1,000000 1112,000000 1112,000000 0,000000
139 1734194243 5020,000000 -1,000000 5020,000000 5020,000000 0,000000
139 1734194242 5020,000000 -1,000000 5020,000000 5020,000000 0,000000
139 1734194241 5020,000000 -1,000000 5020,000000 5020,000000 0,000000
139 1734194240 5020,000000 -1,000000 5020,000000 5020,000000 0,000000
139 1734194239 5020,000000 -1,000000 5020,000000 5020,000000 0,000000
139 1734194238 12420,000000 -1,000000 12420,000000 12420,000000 0,000000
139 1734194237 12420,000000 -1,000000 12420,000000 12420,000000 0,000000
139 1734194236 12420,000000 -1,000000 12420,000000 12420,000000 0,000000
139 1734194235 12420,000000 -1,000000 12420,000000 12420,000000 0,000000
139 1734194234 12420,000000 -1,000000 12420,000000 12420,000000 0,000000
139 1734194233 4873,200000 -1,000000 4873,200000 4873,200000 0,000000
139 1734194232 4873,200000 -1,000000 4873,200000 4873,200000 0,000000
139 1734194231 4873,200000 -1,000000 4873,200000 4873,200000 0,000000
139 1734194230 4873,200000 -1,000000 4873,200000 4873,200000 0,000000
139 1734194229 4873,200000 -1,000000 4873,200000 4873,200000 0,000000
139 1734194228 1611,000000 -1,000000 1611,000000 1611,000000 0,000000
139 1734194227 1611,000000 -1,000000 1611,000000 1611,000000 0,000000
139 1734194226 1611,000000 -1,000000 1611,000000 1611,000000 0,000000
139 1734194225 1611,000000 -1,000000 1611,000000 1611,000000 0,000000
139 1734194224 1611,000000 -1,000000 1611,000000 1611,000000 0,000000
139 1734194223 1227,800000 -1,000000 1227,800000 1227,800000 0,000000
139 1734194222 1227,800000 -1,000000 1227,800000 1227,800000 0,000000
139 1734194222 1227,800000 -1,000000 -101,000000 0,000000 0,000000
139 1734194223 1227,800000 -1,000000 -101,000000 0,000000 0,000000
139 1734194224 1611,000000 -1,000000 -101,000000 0,000000 0,000000
139 1734194225 1611,000000 -1,000000 -101,000000 0,000000 0,000000
139 1734194226 1611,000000 -1,000000 -101,000000 0,000000 0,000000
139 1734194227 1611,000000 -1,000000 -101,000000 0,000000 0,000000
139 1734194228 1611,000000 -1,000000 -101,000000 0,000000 0,000000
139 1734194229 4873,200000 -1,000000 -101,000000 0,000000 0,000000
139 1734194230 4873,200000 -1,000000 -101,000000 0,000000 0,000000
139 1734194231 4873,200000 -1,000000 -101,000000 0,000000 0,000000
139 1734194232 4873,200000 -1,000000 -101,000000 0,000000 0,000000
139 1734194233 4873,200000 -1,000000 -101,000000 0,000000 0,000000
139 1734194234 12420,000000 -1,000000 -101,000000 0,000000 0,000000
139 1734194235 12420,000000 -1,000000 -101,000000 0,000000 0,000000
139 1734194236 12420,000000 -1,000000 -101,000000 0,000000 0,000000
139 1734194237 12420,000000 -1,000000 -101,000000 0,000000 0,000000
139 1734194238 12420,000000 -1,000000 -101,000000 0,000000 0,000000
139 1734194239 5020,000000 -1,000000 -101,000000 0,000000 0,000000
139 1734194240 5020,000000 -1,000000 -101,000000 0,000000 0,000000
139 1734194241 5020,000000 -1,000000 -101,000000 0,000000 0,000000
139 1734194242 5020,000000 -1,000000 -101,000000 0,000000 0,000000
139 1734194243 5020,000000 -1,000000 -101,000000 0,000000 0,000000
139 1734194244 1112,000000 -1,000000 -101,000000 0,000000 0,000000
139 1734194245 1112,000000 -1,000000 -101,000000 0,000000 0,000000
139 1734194246 1112,000000 -1,000000 -101,000000 0,000000 0,000000
139 1734194247 1112,000000 -1,000000 -101,000000 0,000000 0,000000
139 1734194248 1112,000000 -1,000000 -101,000000 0,000000 0,000000
139 1734194249 556,000000 -1,000000 -101,000000 0,000000 0,000000
139 1734194250 556,000000 -1,000000 -101,000000 0,000000 0,000000
139 1734194251 556,000000 -1,000000 -101,000000 0,000000 0,000000
139 1734194252 556,000000 -1,000000 -101,000000 0,000000 0,000000
139 1734194253 556,000000 -1,000000 -101,000000 0,000000 0,000000
139 1734194254 19839,600000 -1,000000 -101,000000 0,000000 0,000000
139 1734194255 19839,600000 -1,000000 -101,000000 0,000000 0,000000
139 1734194256 19839,600000 -1,000000 -101,000000 0,000000 0,000000
139 1734194257 19839,600000 -1,000000 -101,000000 0,000000 0,000000
139 1734194258 19839,600000 -1,000000 -101,000000 0,000000 0,000000
139 1734194259 11735,000000 -1,000000 -101,000000 0,000000 0,000000
139 1734194260 11735,000000 -1,000000 -101,000000 0,000000 0,000000
139 1734194261 11735,000000 -1,000000 -101,000000 0,000000 0,000000
139 1734194262 11735,000000 -1,000000 -101,000000 0,000000 0,000000
139 1734194263 11735,000000 -1,000000 -101,000000 0,000000 0,000000
139 1734194264 7081,200000 -1,000000 -101,000000 0,000000 0,000000
139 1734194265 7081,200000 -1,000000 -101,000000 0,000000 0,000000
139 1734194266 7081,200000 -1,000000 -101,000000 0,000000 0,000000
139 1734194267 7081,200000 -1,000000 -101,000000 0,000000 0,000000
139 1734194268 7081,200000 -1,000000 -101,000000 0,000000 0,000000
139 1734194269 12410,000000 -1,000000 -101,000000 0,000000 0,000000
139 1734194270 12410,000000 -1,000000 -101,000000 0,000000 0,000000
139 1734194271 12410,000000 -1,000000 -101,000000 0,000000 0,000000
139 1734194272 12410,000000 -1,000000 -101,000000 0,000000 0,000000
139 1734194273 12410,000000 -1,000000 -101,000000 0,000000 0,000000
139 1734194274 1244,400000 -1,000000 -101,000000 0,000000 0,000000
139 1734194275 1244,400000 -1,000000 -101,000000 0,000000 0,000000
139 1734194276 1244,400000 -1,000000 -101,000000 0,000000 0,000000
139 1734194277 1244,400000 -1,000000 -101,000000 0,000000 0,000000
139 1734194278 1244,400000 -1,000000 -101,000000 0,000000 0,000000
139 1734194279 8020,400000 -1,000000 -101,000000 0,000000 0,000000
139 1734194280 8020,400000 -1,000000 -101,000000 0,000000 0,000000
139 1734194281 8020,400000 -1,000000 -101,000000 0,000000 0,000000
139 1734194282 8020,400000 -1,000000 -101,000000 0,000000 0,000000
139 1734194283 8020,400000 -1,000000 -101,000000 0,000000 0,000000
139 1734194284 556,200000 -1,000000 -101,000000 0,000000 0,000000
139 1734194285 556,200000 -1,000000 -101,000000 0,000000 0,000000
139 1734194286 556,200000 -1,000000 -101,000000 0,000000 0,000000
139 1734194287 556,200000 -1,000000 -101,000000 0,000000 0,000000
139 1734194288 556,200000 -1,000000 -101,000000 0,000000 0,000000
139 1734194294 6304,000000 -1,000000 -101,000000 0,000000 0,000000
139 1734194295 6304,000000 -1,000000 -101,000000 0,000000 0,000000
139 1734194296 6304,000000 -1,000000 -101,000000 0,000000 0,000000
139 1734194297 6304,000000 -1,000000 -101,000000 0,000000 0,000000
139 1734194298 6304,000000 -1,000000 -101,000000 0,000000 0,000000
139 1734194299 8154,800000 -1,000000 -101,000000 0,000000 0,000000
139 1734194300 8154,800000 -1,000000 -101,000000 0,000000 0,000000
139 1734194301 8154,800000 -1,000000 -101,000000 0,000000 0,000000
139 1734194302 8154,800000 -1,000000 -101,000000 0,000000 0,000000
139 1734194303 8154,800000 -1,000000 -101,000000 0,000000 0,000000
139 1734194304 10392,400000 -1,000000 -101,000000 0,000000 0,000000
139 1734194305 10392,400000 -1,000000 -101,000000 0,000000 0,000000
139 1734194306 10392,400000 -1,000000 -101,000000 0,000000 0,000000
139 1734194307 10392,400000 -1,000000 -101,000000 0,000000 0,000000
139 1734194308 10392,400000 -1,000000 -101,000000 0,000000 0,000000
139 1734194309 4070,800000 -1,000000 -101,000000 0,000000 0,000000
139 1734194310 4070,800000 -1,000000 -101,000000 0,000000 0,000000
139 1734194311 4070,800000 -1,000000 -101,000000 0,000000 0,000000
139 1734194312 4070,800000 -1,000000 -101,000000 0,000000 0,000000
139 1734194313 4070,800000 -1,000000 -101,000000 0,000000 0,000000
139 1734194314 2942,800000 -1,000000 -101,000000 0,000000 0,000000
139 1734194315 2942,800000 -1,000000 -101,000000 0,000000 0,000000
139 1734194316 2942,800000 -1,000000 -101,000000 0,000000 0,000000
139 1734194317 2942,800000 -1,000000 -101,000000 0,000000 0,000000
139 1734194318 2942,800000 -1,000000 -101,000000 0,000000 0,000000
139 1734194319 1799,200000 -1,000000 -101,000000 0,000000 0,000000
139 1734194320 1799,200000 -1,000000 -101,000000 0,000000 0,000000
139 1734194321 1799,200000 -1,000000 -101,000000 0,000000 0,000000
139 1734194322 1799,200000 -1,000000 -101,000000 0,000000 0,000000
139 1734194323 1799,200000 -1,000000 -101,000000 0,000000 0,000000
139 1734194324 9761,000000 -1,000000 -101,000000 0,000000 0,000000
139 1734194325 9761,000000 -1,000000 -101,000000 0,000000 0,000000
139 1734194326 9761,000000 -1,000000 -101,000000 0,000000 0,000000
139 1734194327 9761,000000 -1,000000 -101,000000 0,000000 0,000000
139 1734194328 9761,000000 -1,000000 -101,000000 0,000000 0,000000
139 1734194329 10029,200000 -1,000000 -101,000000 0,000000 0,000000
139 1734194330 10029,200000 -1,000000 -101,000000 0,000000 0,000000
139 1734194331 10029,200000 -1,000000 -101,000000 0,000000 0,000000
139 1734194332 10029,200000 -1,000000 -101,000000 0,000000 0,000000
139 1734194333 10029,200000 -1,000000 -101,000000 0,000000 0,000000
139 1734194334 4989,600000 -1,000000 -101,000000 0,000000 0,000000
139 1734194335 4989,600000 -1,000000 -101,000000 0,000000 0,000000
139 1734194336 4989,600000 -1,000000 -101,000000 0,000000 0,000000
139 1734194337 4989,600000 -1,000000 -101,000000 0,000000 0,000000
139 1734194338 4989,600000 -1,000000 -101,000000 0,000000 0,000000
139 1734194339 12129,600000 -1,000000 -101,000000 0,000000 0,000000
139 1734194340 12129,600000 -1,000000 -101,000000 0,000000 0,000000
139 1734194341 12129,600000 -1,000000 -101,000000 0,000000 0,000000
139 1734194342 12129,600000 -1,000000 -101,000000 0,000000 0,000000
139 1734194343 12129,600000 -1,000000 -101,000000 0,000000 0,000000
139 1734194344 4070,800000 -1,000000 -101,000000 0,000000 0,000000
139 1734194345 4070,800000 -1,000000 -101,000000 0,000000 0,000000
139 1734194346 4070,800000 -1,000000 -101,000000 0,000000 0,000000
139 1734194347 4070,800000 -1,000000 -101,000000 0,000000 0,000000
139 1734194348 4070,800000 -1,000000 -101,000000 0,000000 0,000000
139 1734194349 7991,000000 -1,000000 -101,000000 0,000000 0,000000
139 1734194350 7991,000000 -1,000000 -101,000000 0,000000 0,000000
139 1734194351 7991,000000 -1,000000 -101,000000 0,000000 0,000000
139 1734194352 7991,000000 -1,000000 -101,000000 0,000000 0,000000
139 1734194353 7991,000000 -1,000000 -101,000000 0,000000 0,000000
139 1734194354 7548,400000 -1,000000 -101,000000 0,000000 0,000000
139 1734194355 7548,400000 -1,000000 -101,000000 0,000000 0,000000
139 1734194356 7548,400000 -1,000000 -101,000000 0,000000 0,000000
139 1734194357 7548,400000 -1,000000 -101,000000 0,000000 0,000000
139 1734194358 7548,400000 -1,000000 -101,000000 0,000000 0,000000
139 1734194359 4838,600000 -1,000000 -101,000000 0,000000 0,000000
139 1734194360 4838,600000 -1,000000 -101,000000 0,000000 0,000000
139 1734194361 4838,600000 -1,000000 -101,000000 0,000000 0,000000
139 1734194362 4838,600000 -1,000000 -101,000000 0,000000 0,000000
139 1734194363 4838,600000 -1,000000 -101,000000 0,000000 0,000000
139 1734194364 1112,000000 -1,000000 -101,000000 0,000000 0,000000
139 1734194365 1112,000000 -1,000000 -101,000000 0,000000 0,000000
139 1734194366 1112,000000 -1,000000 -101,000000 0,000000 0,000000
139 1734194367 1112,000000 -1,000000 -101,000000 0,000000 0,000000
139 1734194368 1112,000000 -1,000000 -101,000000 0,000000 0,000000
139 1734194379 6116,000000 -1,000000 -101,000000 0,000000 0,000000
139 1734194380 6116,000000 -1,000000 -101,000000 0,000000 0,000000
139 1734194381 6116,000000 -1,000000 -101,000000 0,000000 0,000000
139 1734194382 6116,000000 -1,000000 -101,000000 0,000000 0,000000
139 1734194383 6116,000000 -1,000000 -101,000000 0,000000 0,000000
139 1734194384 1860,800000 -1,000000 -101,000000 0,000000 0,000000
139 1734194385 1860,800000 -1,000000 -101,000000 0,000000 0,000000
139 1734194386 1860,800000 -1,000000 -101,000000 0,000000 0,000000
139 1734194387 1860,800000 -1,000000 -101,000000 0,000000 0,000000
139 1734194388 1860,800000 -1,000000 -101,000000 0,000000 0,000000
139 1734194394 15424,200000 -1,000000 -101,000000 0,000000 0,000000
139 1734194395 15424,200000 -1,000000 -101,000000 0,000000 0,000000
139 1734194396 15424,200000 -1,000000 -101,000000 0,000000 0,000000
139 1734194397 15424,200000 -1,000000 -101,000000 0,000000 0,000000
139 1734194398 15424,200000 -1,000000 -101,000000 0,000000 0,000000
139 1734194399 13579,000000 -1,000000 -101,000000 0,000000 0,000000
139 1734194400 13579,000000 -1,000000 -101,000000 0,000000 0,000000
139 1734194401 13579,000000 -1,000000 -101,000000 0,000000 0,000000
139 1734194402 13579,000000 -1,000000 -101,000000 0,000000 0,000000
139 1734194403 13579,000000 -1,000000 -101,000000 0,000000 0,000000
139 1734194404 6188,200000 -1,000000 -101,000000 0,000000 0,000000
139 1734194405 6188,200000 -1,000000 -101,000000 0,000000 0,000000
139 1734194406 6188,200000 -1,000000 -101,000000 0,000000 0,000000
139 1734194407 6188,200000 -1,000000 -101,000000 0,000000 0,000000
139 1734194408 6188,200000 -1,000000 -101,000000 0,000000 0,000000
139 1734194409 6923,000000 -1,000000 -101,000000 0,000000 0,000000
139 1734194410 6923,000000 -1,000000 -101,000000 0,000000 0,000000
139 1734194411 6923,000000 -1,000000 -101,000000 0,000000 0,000000
139 1734194412 6923,000000 -1,000000 -101,000000 0,000000 0,000000
139 1734194413 6923,000000 -1,000000 -101,000000 0,000000 0,000000
139 1734194414 20876,000000 -1,000000 -101,000000 0,000000 0,000000
139 1734194415 20876,000000 -1,000000 -101,000000 0,000000 0,000000
139 1734194416 20876,000000 -1,000000 -101,000000 0,000000 0,000000
139 1734194417 20876,000000 -1,000000 -101,000000 0,000000 0,000000
139 1734194418 20876,000000 -1,000000 -101,000000 0,000000 0,000000
139 1734194419 25722,400000 -1,000000 -101,000000 0,000000 0,000000
139 1734194420 25722,400000 -1,000000 -101,000000 0,000000 0,000000
139 1734194421 25722,400000 -1,000000 -101,000000 0,000000 0,000000
139 1734194422 25722,400000 -1,000000 -101,000000 0,000000 0,000000
139 1734194423 25722,400000 -1,000000 -101,000000 0,000000 0,000000
139 1734194424 6792,400000 -1,000000 -101,000000 0,000000 0,000000
139 1734194425 6792,400000 -1,000000 -101,000000 0,000000 0,000000
139 1734194426 6792,400000 -1,000000 -101,000000 0,000000 0,000000
139 1734194427 6792,400000 -1,000000 -101,000000 0,000000 0,000000
139 1734194428 6792,400000 -1,000000 -101,000000 0,000000 0,000000
139 1734194429 6513,800000 -1,000000 -101,000000 0,000000 0,000000
139 1734194430 6513,800000 -1,000000 -101,000000 0,000000 0,000000
139 1734194431 6513,800000 -1,000000 -101,000000 0,000000 0,000000
139 1734194432 6513,800000 -1,000000 -101,000000 0,000000 0,000000
139 1734194433 6513,800000 -1,000000 -101,000000 0,000000 0,000000
139 1734194434 1225,800000 -1,000000 -101,000000 0,000000 0,000000
139 1734194435 1225,800000 -1,000000 -101,000000 0,000000 0,000000
139 1734194436 1225,800000 -1,000000 -101,000000 0,000000 0,000000
139 1734194437 1225,800000 -1,000000 -101,000000 0,000000 0,000000
139 1734194438 1225,800000 -1,000000 -101,000000 0,000000 0,000000
139 1734194439 1113,200000 -1,000000 -101,000000 0,000000 0,000000
139 1734194440 1113,200000 -1,000000 -101,000000 0,000000 0,000000
139 1734194441 1113,200000 -1,000000 -101,000000 0,000000 0,000000
139 1734194442 1113,200000 -1,000000 -101,000000 0,000000 0,000000
139 1734194443 1113,200000 -1,000000 -101,000000 0,000000 0,000000
139 1734194449 6116,000000 -1,000000 -101,000000 0,000000 0,000000
139 1734194450 6116,000000 -1,000000 -101,000000 0,000000 0,000000
139 1734194451 6116,000000 -1,000000 -101,000000 0,000000 0,000000
139 1734194452 6116,000000 -1,000000 -101,000000 0,000000 0,000000
139 1734194453 6116,000000 -1,000000 -101,000000 0,000000 0,000000
139 1734194459 1857,800000 -1,000000 -101,000000 0,000000 0,000000
139 1734194460 1857,800000 -1,000000 -101,000000 0,000000 0,000000
139 1734194461 1857,800000 -1,000000 -101,000000 0,000000 0,000000
139 1734194462 1857,800000 -1,000000 -101,000000 0,000000 0,000000
139 1734194463 1857,800000 -1,000000 -101,000000 0,000000 0,000000
139 1734194464 8713,000000 -1,000000 -101,000000 0,000000 0,000000
139 1734194465 8713,000000 -1,000000 -101,000000 0,000000 0,000000
139 1734194466 8713,000000 -1,000000 -101,000000 0,000000 0,000000
139 1734194467 8713,000000 -1,000000 -101,000000 0,000000 0,000000
139 1734194468 8713,000000 -1,000000 -101,000000 0,000000 0,000000
139 1734194469 5153,600000 -1,000000 -101,000000 0,000000 0,000000
139 1734194470 5153,600000 -1,000000 -101,000000 0,000000 0,000000
139 1734194471 5153,600000 -1,000000 -101,000000 0,000000 0,000000
139 1734194472 5153,600000 -1,000000 -101,000000 0,000000 0,000000
139 1734194473 5153,600000 -1,000000 -101,000000 0,000000 0,000000
139 1734194474 6304,000000 -1,000000 -101,000000 0,000000 0,000000
139 1734194475 6304,000000 -1,000000 -101,000000 0,000000 0,000000
139 1734194476 6304,000000 -1,000000 -101,000000 0,000000 0,000000
139 1734194477 6304,000000 -1,000000 -101,000000 0,000000 0,000000
139 1734194478 6304,000000 -1,000000 -101,000000 0,000000 0,000000
139 1734194479 6002,000000 -1,000000 -101,000000 0,000000 0,000000
139 1734194480 6002,000000 -1,000000 -101,000000 0,000000 0,000000
139 1734194481 6002,000000 -1,000000 -101,000000 0,000000 0,000000
139 1734194482 6002,000000 -1,000000 -101,000000 0,000000 0,000000
139 1734194483 6002,000000 -1,000000 -101,000000 0,000000 0,000000
139 1734194484 7228,000000 -1,000000 -101,000000 0,000000 0,000000
139 1734194485 7228,000000 -1,000000 -101,000000 0,000000 0,000000
139 1734194486 7228,000000 -1,000000 -101,000000 0,000000 0,000000
139 1734194487 7228,000000 -1,000000 -101,000000 0,000000 0,000000
139 1734194488 7228,000000 -1,000000 -101,000000 0,000000 0,000000
139 1734194489 20027,600000 -1,000000 -101,000000 0,000000 0,000000
139 1734194490 20027,600000 -1,000000 -101,000000 0,000000 0,000000
139 1734194491 20027,600000 -1,000000 -101,000000 0,000000 0,000000
139 1734194492 20027,600000 -1,000000 -101,000000 0,000000 0,000000
139 1734194493 20027,600000 -1,000000 -101,000000 0,000000 0,000000
139 1734194494 6846,000000 -1,000000 -101,000000 0,000000 0,000000
139 1734194495 6846,000000 -1,000000 -101,000000 0,000000 0,000000
139 1734194496 6846,000000 -1,000000 -101,000000 0,000000 0,000000
139 1734194497 6846,000000 -1,000000 -101,000000 0,000000 0,000000
139 1734194498 6846,000000 -1,000000 -101,000000 0,000000 0,000000
139 1734194499 8711,800000 -1,000000 -101,000000 0,000000 0,000000
139 1734194500 8711,800000 -1,000000 -101,000000 0,000000 0,000000
139 1734194501 8711,800000 -1,000000 -101,000000 0,000000 0,000000
139 1734194502 8711,800000 -1,000000 -101,000000 0,000000 0,000000
139 1734194503 8711,800000 -1,000000 -101,000000 0,000000 0,000000
139 1734194504 7233,600000 -1,000000 -101,000000 0,000000 0,000000
139 1734194505 7233,600000 -1,000000 -101,000000 0,000000 0,000000
139 1734194506 7233,600000 -1,000000 -101,000000 0,000000 0,000000
139 1734194507 7233,600000 -1,000000 -101,000000 0,000000 0,000000
139 1734194508 7233,600000 -1,000000 -101,000000 0,000000 0,000000
139 1734194509 5158,000000 -1,000000 -101,000000 0,000000 0,000000
139 1734194510 5158,000000 -1,000000 -101,000000 0,000000 0,000000
139 1734194511 5158,000000 -1,000000 -101,000000 0,000000 0,000000
139 1734194512 5158,000000 -1,000000 -101,000000 0,000000 0,000000
139 1734194513 5158,000000 -1,000000 -101,000000 0,000000 0,000000
139 1734194514 2327,400000 -1,000000 -101,000000 0,000000 0,000000
139 1734194515 2327,400000 -1,000000 -101,000000 0,000000 0,000000
139 1734194516 2327,400000 -1,000000 -101,000000 0,000000 0,000000
139 1734194517 2327,400000 -1,000000 -101,000000 0,000000 0,000000
139 1734194518 2327,400000 -1,000000 -101,000000 0,000000 0,000000
139 1734194519 8469,800000 -1,000000 -101,000000 0,000000 0,000000
139 1734194520 8469,800000 -1,000000 -101,000000 0,000000 0,000000
139 1734194521 8469,800000 -1,000000 -101,000000 0,000000 0,000000
139 1734194522 8469,800000 -1,000000 -101,000000 0,000000 0,000000
139 1734194523 8469,800000 -1,000000 -101,000000 0,000000 0,000000
139 1734194524 1601,000000 -1,000000 -101,000000 0,000000 0,000000
139 1734194525 1601,000000 -1,000000 -101,000000 0,000000 0,000000
139 1734194526 1601,000000 -1,000000 -101,000000 0,000000 0,000000
139 1734194527 1601,000000 -1,000000 -101,000000 0,000000 0,000000
139 1734194528 1601,000000 -1,000000 -101,000000 0,000000 0,000000
139 1734194529 6719,000000 -1,000000 -101,000000 0,000000 0,000000
139 1734194530 6719,000000 -1,000000 -101,000000 0,000000 0,000000
139 1734194531 6719,000000 -1,000000 -101,000000 0,000000 0,000000
139 1734194532 6719,000000 -1,000000 -101,000000 0,000000 0,000000
139 1734194533 6719,000000 -1,000000 -101,000000 0,000000 0,000000
139 1734194534 21172,000000 -1,000000 -101,000000 0,000000 0,000000
139 1734194535 21172,000000 -1,000000 -101,000000 0,000000 0,000000
139 1734194536 21172,000000 -1,000000 -101,000000 0,000000 0,000000
139 1734194537 21172,000000 -1,000000 -101,000000 0,000000 0,000000
139 1734194538 21172,000000 -1,000000 -101,000000 0,000000 0,000000
139 1734194539 12310,800000 -1,000000 -101,000000 0,000000 0,000000
139 1734194540 12310,800000 -1,000000 -101,000000 0,000000 0,000000
139 1734194541 12310,800000 -1,000000 -101,000000 0,000000 0,000000
139 1734194542 12310,800000 -1,000000 -101,000000 0,000000 0,000000
139 1734194543 12310,800000 -1,000000 -101,000000 0,000000 0,000000
139 1734194544 4121,800000 -1,000000 -101,000000 0,000000 0,000000
139 1734194545 4121,800000 -1,000000 -101,000000 0,000000 0,000000
139 1734194546 4121,800000 -1,000000 -101,000000 0,000000 0,000000
139 1734194547 4121,800000 -1,000000 -101,000000 0,000000 0,000000
139 1734194548 4121,800000 -1,000000 -101,000000 0,000000 0,000000
139 1734194549 5241,800000 -1,000000 -101,000000 0,000000 0,000000
139 1734194550 5241,800000 -1,000000 -101,000000 0,000000 0,000000
139 1734194551 5241,800000 -1,000000 -101,000000 0,000000 0,000000
139 1734194552 5241,800000 -1,000000 -101,000000 0,000000 0,000000
139 1734194553 5241,800000 -1,000000 -101,000000 0,000000 0,000000
139 1734194559 12124,000000 -1,000000 -101,000000 0,000000 0,000000
139 1734194560 12124,000000 -1,000000 -101,000000 0,000000 0,000000
139 1734194561 12124,000000 -1,000000 -101,000000 0,000000 0,000000
139 1734194562 12124,000000 -1,000000 -101,000000 0,000000 0,000000
139 1734194563 12124,000000 -1,000000 -101,000000 0,000000 0,000000
139 1734194564 1859,200000 -1,000000 -101,000000 0,000000 0,000000
139 1734194565 1859,200000 -1,000000 -101,000000 0,000000 0,000000
139 1734194566 1859,200000 -1,000000 -101,000000 0,000000 0,000000
139 1734194567 1859,200000 -1,000000 -101,000000 0,000000 0,000000
139 1734194568 1859,200000 -1,000000 -101,000000 0,000000 0,000000
139 1734194574 5545,800000 -1,000000 -101,000000 0,000000 0,000000
139 1734194575 5545,800000 -1,000000 -101,000000 0,000000 0,000000
139 1734194576 5545,800000 -1,000000 -101,000000 0,000000 0,000000
139 1734194577 5545,800000 -1,000000 -101,000000 0,000000 0,000000
139 1734194578 5545,800000 -1,000000 -101,000000 0,000000 0,000000
139 1734194579 3170,800000 -1,000000 -101,000000 0,000000 0,000000
139 1734194580 3170,800000 -1,000000 -101,000000 0,000000 0,000000
139 1734194581 3170,800000 -1,000000 -101,000000 0,000000 0,000000
139 1734194582 3170,800000 -1,000000 -101,000000 0,000000 0,000000
139 1734194583 3170,800000 -1,000000 -101,000000 0,000000 0,000000
139 1734194584 4070,800000 -1,000000 -101,000000 0,000000 0,000000
139 1734194585 4070,800000 -1,000000 -101,000000 0,000000 0,000000
139 1734194586 4070,800000 -1,000000 -101,000000 0,000000 0,000000
139 1734194587 4070,800000 -1,000000 -101,000000 0,000000 0,000000
139 1734194588 4070,800000 -1,000000 -101,000000 0,000000 0,000000
139 1734194589 1082,000000 -1,000000 -101,000000 0,000000 0,000000
139 1734194590 1082,000000 -1,000000 -101,000000 0,000000 0,000000
139 1734194591 1082,000000 -1,000000 -101,000000 0,000000 0,000000
139 1734194592 1082,000000 -1,000000 -101,000000 0,000000 0,000000
139 1734194593 1082,000000 -1,000000 -101,000000 0,000000 0,000000
139 1734194594 13635,600000 -1,000000 -101,000000 0,000000 0,000000
139 1734194595 13635,600000 -1,000000 -101,000000 0,000000 0,000000
139 1734194596 13635,600000 -1,000000 -101,000000 0,000000 0,000000
139 1734194597 13635,600000 -1,000000 -101,000000 0,000000 0,000000
139 1734194598 13635,600000 -1,000000 -101,000000 0,000000 0,000000
139 1734194599 6137,600000 -1,000000 -101,000000 0,000000 0,000000
139 1734194600 6137,600000 -1,000000 -101,000000 0,000000 0,000000
139 1734194601 6137,600000 -1,000000 -101,000000 0,000000 0,000000
139 1734194602 6137,600000 -1,000000 -101,000000 0,000000 0,000000
139 1734194603 6137,600000 -1,000000 -101,000000 0,000000 0,000000
139 1734194604 14252,000000 -1,000000 -101,000000 0,000000 0,000000
139 1734194605 14252,000000 -1,000000 -101,000000 0,000000 0,000000
139 1734194606 14252,000000 -1,000000 -101,000000 0,000000 0,000000
139 1734194607 14252,000000 -1,000000 -101,000000 0,000000 0,000000
139 1734194608 14252,000000 -1,000000 -101,000000 0,000000 0,000000
139 1734194609 8880,000000 -1,000000 -101,000000 0,000000 0,000000
139 1734194610 8880,000000 -1,000000 -101,000000 0,000000 0,000000
139 1734194611 8880,000000 -1,000000 -101,000000 0,000000 0,000000
139 1734194612 8880,000000 -1,000000 -101,000000 0,000000 0,000000
139 1734194613 8880,000000 -1,000000 -101,000000 0,000000 0,000000
139 1734194614 4070,800000 -1,000000 -101,000000 0,000000 0,000000
139 1734194615 4070,800000 -1,000000 -101,000000 0,000000 0,000000
139 1734194616 4070,800000 -1,000000 -101,000000 0,000000 0,000000
139 1734194617 4070,800000 -1,000000 -101,000000 0,000000 0,000000
139 1734194618 4070,800000 -1,000000 -101,000000 0,000000 0,000000
139 1734194619 3898,000000 -1,000000 -101,000000 0,000000 0,000000
139 1734194620 3898,000000 -1,000000 -101,000000 0,000000 0,000000
139 1734194621 3898,000000 -1,000000 -101,000000 0,000000 0,000000
139 1734194622 3898,000000 -1,000000 -101,000000 0,000000 0,000000
139 1734194623 3898,000000 -1,000000 -101,000000 0,000000 0,000000
139 1734194624 1230,400000 -1,000000 -101,000000 0,000000 0,000000
139 1734194625 1230,400000 -1,000000 -101,000000 0,000000 0,000000
139 1734194626 1230,400000 -1,000000 -101,000000 0,000000 0,000000
139 1734194627 1230,400000 -1,000000 -101,000000 0,000000 0,000000
139 1734194628 1230,400000 -1,000000 -101,000000 0,000000 0,000000
139 1734194629 13219,000000 -1,000000 -101,000000 0,000000 0,000000
139 1734194630 13219,000000 -1,000000 -101,000000 0,000000 0,000000
139 1734194631 13219,000000 -1,000000 -101,000000 0,000000 0,000000
139 1734194632 13219,000000 -1,000000 -101,000000 0,000000 0,000000
139 1734194633 13219,000000 -1,000000 -101,000000 0,000000 0,000000
139 1734194634 19842,000000 -1,000000 -101,000000 0,000000 0,000000
139 1734194635 19842,000000 -1,000000 -101,000000 0,000000 0,000000
139 1734194636 19842,000000 -1,000000 -101,000000 0,000000 0,000000
139 1734194637 19842,000000 -1,000000 -101,000000 0,000000 0,000000
139 1734194638 19842,000000 -1,000000 -101,000000 0,000000 0,000000
139 1734194639 1859,000000 -1,000000 -101,000000 0,000000 0,000000
139 1734194640 1859,000000 -1,000000 -101,000000 0,000000 0,000000
139 1734194641 1859,000000 -1,000000 -101,000000 0,000000 0,000000
139 1734194642 1859,000000 -1,000000 -101,000000 0,000000 0,000000
139 1734194643 1859,000000 -1,000000 -101,000000 0,000000 0,000000
139 1734194644 556,200000 -1,000000 -101,000000 0,000000 0,000000
139 1734194645 556,200000 -1,000000 -101,000000 0,000000 0,000000
139 1734194646 556,200000 -1,000000 -101,000000 0,000000 0,000000
139 1734194647 556,200000 -1,000000 -101,000000 0,000000 0,000000
139 1734194648 556,200000 -1,000000 -101,000000 0,000000 0,000000
139 1734194654 11292,400000 -1,000000 -101,000000 0,000000 0,000000
139 1734194655 11292,400000 -1,000000 -101,000000 0,000000 0,000000
139 1734194656 11292,400000 -1,000000 -101,000000 0,000000 0,000000
139 1734194657 11292,400000 -1,000000 -101,000000 0,000000 0,000000
139 1734194658 11292,400000 -1,000000 -101,000000 0,000000 0,000000
139 1734194659 6336,400000 -1,000000 -101,000000 0,000000 0,000000
139 1734194660 6336,400000 -1,000000 -101,000000 0,000000 0,000000
139 1734194661 6336,400000 -1,000000 -101,000000 0,000000 0,000000
139 1734194662 6336,400000 -1,000000 -101,000000 0,000000 0,000000
139 1734194663 6336,400000 -1,000000 -101,000000 0,000000 0,000000
139 1734194664 11299,200000 -1,000000 -101,000000 0,000000 0,000000
139 1734194665 11299,200000 -1,000000 -101,000000 0,000000 0,000000
139 1734194666 11299,200000 -1,000000 -101,000000 0,000000 0,000000
139 1734194667 11299,200000 -1,000000 -101,000000 0,000000 0,000000
139 1734194668 11299,200000 -1,000000 -101,000000 0,000000 0,000000
139 1734194669 1084,400000 -1,000000 -101,000000 0,000000 0,000000
139 1734194670 1084,400000 -1,000000 -101,000000 0,000000 0,000000
139 1734194671 1084,400000 -1,000000 -101,000000 0,000000 0,000000
139 1734194672 1084,400000 -1,000000 -101,000000 0,000000 0,000000
139 1734194673 1084,400000 -1,000000 -101,000000 0,000000 0,000000
139 1734194674 17966,200000 -1,000000 -101,000000 0,000000 0,000000
139 1734194675 17966,200000 -1,000000 -101,000000 0,000000 0,000000
139 1734194676 17966,200000 -1,000000 -101,000000 0,000000 0,000000
139 1734194677 17966,200000 -1,000000 -101,000000 0,000000 0,000000
139 1734194678 17966,200000 -1,000000 -101,000000 0,000000 0,000000
139 1734194679 10254,600000 -1,000000 -101,000000 0,000000 0,000000
139 1734194680 10254,600000 -1,000000 -101,000000 0,000000 0,000000
139 1734194681 10254,600000 -1,000000 -101,000000 0,000000 0,000000
139 1734194682 10254,600000 -1,000000 -101,000000 0,000000 0,000000
139 1734194683 10254,600000 -1,000000 -101,000000 0,000000 0,000000
139 1734194684 3009,000000 -1,000000 -101,000000 0,000000 0,000000
139 1734194685 3009,000000 -1,000000 -101,000000 0,000000 0,000000
139 1734194686 3009,000000 -1,000000 -101,000000 0,000000 0,000000
139 1734194687 3009,000000 -1,000000 -101,000000 0,000000 0,000000
139 1734194688 3009,000000 -1,000000 -101,000000 0,000000 0,000000
139 1734194689 2861,000000 -1,000000 -101,000000 0,000000 0,000000
139 1734194690 2861,000000 -1,000000 -101,000000 0,000000 0,000000
139 1734194691 2861,000000 -1,000000 -101,000000 0,000000 0,000000
139 1734194692 2861,000000 -1,000000 -101,000000 0,000000 0,000000
139 1734194693 2861,000000 -1,000000 -101,000000 0,000000 0,000000
139 1734194694 2382,800000 -1,000000 -101,000000 0,000000 0,000000
139 1734194695 2382,800000 -1,000000 -101,000000 0,000000 0,000000
139 1734194696 2382,800000 -1,000000 -101,000000 0,000000 0,000000
139 1734194697 2382,800000 -1,000000 -101,000000 0,000000 0,000000
139 1734194698 2382,800000 -1,000000 -101,000000 0,000000 0,000000
139 1734194699 11640,000000 -1,000000 -101,000000 0,000000 0,000000
139 1734194700 11640,000000 -1,000000 -101,000000 0,000000 0,000000
139 1734194701 11640,000000 -1,000000 -101,000000 0,000000 0,000000
139 1734194702 11640,000000 -1,000000 -101,000000 0,000000 0,000000
139 1734194703 11640,000000 -1,000000 -101,000000 0,000000 0,000000
139 1734194704 4986,800000 -1,000000 -101,000000 0,000000 0,000000
139 1734194705 4986,800000 -1,000000 -101,000000 0,000000 0,000000
139 1734194706 4986,800000 -1,000000 -101,000000 0,000000 0,000000
139 1734194707 4986,800000 -1,000000 -101,000000 0,000000 0,000000
139 1734194708 4986,800000 -1,000000 -101,000000 0,000000 0,000000
139 1734194709 5026,200000 -1,000000 -101,000000 0,000000 0,000000
139 1734194710 5026,200000 -1,000000 -101,000000 0,000000 0,000000
139 1734194711 5026,200000 -1,000000 -101,000000 0,000000 0,000000
139 1734194712 5026,200000 -1,000000 -101,000000 0,000000 0,000000
139 1734194713 5026,200000 -1,000000 -101,000000 0,000000 0,000000
139 1734194714 10374,800000 -1,000000 -101,000000 0,000000 0,000000
139 1734194715 10374,800000 -1,000000 -101,000000 0,000000 0,000000
139 1734194716 10374,800000 -1,000000 -101,000000 0,000000 0,000000
139 1734194717 10374,800000 -1,000000 -101,000000 0,000000 0,000000
139 1734194718 10374,800000 -1,000000 -101,000000 0,000000 0,000000
139 1734194719 4807,400000 -1,000000 -101,000000 0,000000 0,000000
139 1734194720 4807,400000 -1,000000 -101,000000 0,000000 0,000000
139 1734194721 4807,400000 -1,000000 -101,000000 0,000000 0,000000
139 1734194722 4807,400000 -1,000000 -101,000000 0,000000 0,000000
139 1734194723 4807,400000 -1,000000 -101,000000 0,000000 0,000000
139 1734194724 2385,200000 -1,000000 -101,000000 0,000000 0,000000
139 1734194725 2385,200000 -1,000000 -101,000000 0,000000 0,000000
139 1734194726 2385,200000 -1,000000 -101,000000 0,000000 0,000000
139 1734194727 2385,200000 -1,000000 -101,000000 0,000000 0,000000
139 1734194728 2385,200000 -1,000000 -101,000000 0,000000 0,000000
139 1734194729 1612,200000 -1,000000 -101,000000 0,000000 0,000000
139 1734194730 1612,200000 -1,000000 -101,000000 0,000000 0,000000
139 1734194731 1612,200000 -1,000000 -101,000000 0,000000 0,000000
139 1734194732 1612,200000 -1,000000 -101,000000 0,000000 0,000000
139 1734194733 1612,200000 -1,000000 -101,000000 0,000000 0,000000
139 1734194734 10837,600000 -1,000000 -101,000000 0,000000 0,000000
139 1734194735 10837,600000 -1,000000 -101,000000 0,000000 0,000000
139 1734194736 10837,600000 -1,000000 -101,000000 0,000000 0,000000
139 1734194737 10837,600000 -1,000000 -101,000000 0,000000 0,000000
139 1734194738 10837,600000 -1,000000 -101,000000 0,000000 0,000000
139 1734194739 9278,200000 -1,000000 -101,000000 0,000000 0,000000
139 1734194740 9278,200000 -1,000000 -101,000000 0,000000 0,000000
139 1734194741 9278,200000 -1,000000 -101,000000 0,000000 0,000000
139 1734194742 9278,200000 -1,000000 -101,000000 0,000000 0,000000
139 1734194743 9278,200000 -1,000000 -101,000000 0,000000 0,000000
139 1734194744 14084,000000 -1,000000 -101,000000 0,000000 0,000000
139 1734194745 14084,000000 -1,000000 -101,000000 0,000000 0,000000
139 1734194746 14084,000000 -1,000000 -101,000000 0,000000 0,000000
139 1734194747 14084,000000 -1,000000 -101,000000 0,000000 0,000000
139 1734194748 14084,000000 -1,000000 -101,000000 0,000000 0,000000
139 1734194749 6240,600000 -1,000000 -101,000000 0,000000 0,000000
139 1734194750 6240,600000 -1,000000 -101,000000 0,000000 0,000000
139 1734194751 6240,600000 -1,000000 -101,000000 0,000000 0,000000
139 1734194752 6240,600000 -1,000000 -101,000000 0,000000 0,000000
139 1734194753 6240,600000 -1,000000 -101,000000 0,000000 0,000000
139 1734194754 1785,000000 -1,000000 -101,000000 0,000000 0,000000
139 1734194755 1785,000000 -1,000000 -101,000000 0,000000 0,000000
139 1734194756 1785,000000 -1,000000 -101,000000 0,000000 0,000000
139 1734194757 1785,000000 -1,000000 -101,000000 0,000000 0,000000
139 1734194758 1785,000000 -1,000000 -101,000000 0,000000 0,000000
139 1734194759 3964,400000 -1,000000 -101,000000 0,000000 0,000000
139 1734194760 3964,400000 -1,000000 -101,000000 0,000000 0,000000
139 1734194761 3964,400000 -1,000000 -101,000000 0,000000 0,000000
139 1734194762 3964,400000 -1,000000 -101,000000 0,000000 0,000000
139 1734194763 3964,400000 -1,000000 -101,000000 0,000000 0,000000
139 1734194769 5522,400000 -1,000000 -101,000000 0,000000 0,000000
139 1734194770 5522,400000 -1,000000 -101,000000 0,000000 0,000000
139 1734194771 5522,400000 -1,000000 -101,000000 0,000000 0,000000
139 1734194772 5522,400000 -1,000000 -101,000000 0,000000 0,000000
139 1734194773 5522,400000 -1,000000 -101,000000 0,000000 0,000000
139 1734194774 12420,000000 -1,000000 -101,000000 0,000000 0,000000
139 1734194775 12420,000000 -1,000000 -101,000000 0,000000 0,000000
139 1734194776 12420,000000 -1,000000 -101,000000 0,000000 0,000000
139 1734194777 12420,000000 -1,000000 -101,000000 0,000000 0,000000
139 1734194778 12420,000000 -1,000000 -101,000000 0,000000 0,000000
139 1734194779 5028,400000 -1,000000 -101,000000 0,000000 0,000000
139 1734194780 5028,400000 -1,000000 -101,000000 0,000000 0,000000
139 1734194781 5028,400000 -1,000000 -101,000000 0,000000 0,000000
139 1734194782 5028,400000 -1,000000 -101,000000 0,000000 0,000000
139 1734194783 5028,400000 -1,000000 -101,000000 0,000000 0,000000
139 1734194784 1112,400000 -1,000000 -101,000000 0,000000 0,000000
139 1734194785 1112,400000 -1,000000 -101,000000 0,000000 0,000000
139 1734194786 1112,400000 -1,000000 -101,000000 0,000000 0,000000
139 1734194787 1112,400000 -1,000000 -101,000000 0,000000 0,000000
139 1734194788 1112,400000 -1,000000 -101,000000 0,000000 0,000000
139 1734194789 556,200000 -1,000000 -101,000000 0,000000 0,000000
139 1734194790 556,200000 -1,000000 -101,000000 0,000000 0,000000
139 1734194791 556,200000 -1,000000 -101,000000 0,000000 0,000000
139 1734194792 556,200000 -1,000000 -101,000000 0,000000 0,000000
139 1734194793 556,200000 -1,000000 -101,000000 0,000000 0,000000
139 1734194804 4990,000000 -1,000000 -101,000000 0,000000 0,000000
139 1734194805 4990,000000 -1,000000 -101,000000 0,000000 0,000000
139 1734194806 4990,000000 -1,000000 -101,000000 0,000000 0,000000
139 1734194807 4990,000000 -1,000000 -101,000000 0,000000 0,000000
139 1734194808 4990,000000 -1,000000 -101,000000 0,000000 0,000000
139 1734194809 9278,200000 -1,000000 -101,000000 0,000000 0,000000
139 1734194810 9278,200000 -1,000000 -101,000000 0,000000 0,000000
139 1734194811 9278,200000 -1,000000 -101,000000 0,000000 0,000000
139 1734194812 9278,200000 -1,000000 -101,000000 0,000000 0,000000
139 1734194813 9278,200000 -1,000000 -101,000000 0,000000 0,000000
139 1734194814 23928,800000 -1,000000 -101,000000 0,000000 0,000000
139 1734194815 23928,800000 -1,000000 -101,000000 0,000000 0,000000
139 1734194816 23928,800000 -1,000000 -101,000000 0,000000 0,000000
139 1734194817 23928,800000 -1,000000 -101,000000 0,000000 0,000000
139 1734194818 23928,800000 -1,000000 -101,000000 0,000000 0,000000
139 1734194819 14686,600000 -1,000000 -101,000000 0,000000 0,000000
139 1734194820 14686,600000 -1,000000 -101,000000 0,000000 0,000000
139 1734194821 14686,600000 -1,000000 -101,000000 0,000000 0,000000
139 1734194822 14686,600000 -1,000000 -101,000000 0,000000 0,000000
139 1734194823 14686,600000 -1,000000 -101,000000 0,000000 0,000000
139 1734194824 8866,600000 -1,000000 -101,000000 0,000000 0,000000
139 1734194825 8866,600000 -1,000000 -101,000000 0,000000 0,000000
139 1734194826 8866,600000 -1,000000 -101,000000 0,000000 0,000000
139 1734194827 8866,600000 -1,000000 -101,000000 0,000000 0,000000
139 1734194828 8866,600000 -1,000000 -101,000000 0,000000 0,000000
139 1734194829 7941,800000 -1,000000 -101,000000 0,000000 0,000000
139 1734194830 7941,800000 -1,000000 -101,000000 0,000000 0,000000
139 1734194831 7941,800000 -1,000000 -101,000000 0,000000 0,000000
139 1734194832 7941,800000 -1,000000 -101,000000 0,000000 0,000000
139 1734194833 7941,800000 -1,000000 -101,000000 0,000000 0,000000
139 1734194834 12854,200000 -1,000000 -101,000000 0,000000 0,000000
139 1734194835 12854,200000 -1,000000 -101,000000 0,000000 0,000000
139 1734194836 12854,200000 -1,000000 -101,000000 0,000000 0,000000
139 1734194837 12854,200000 -1,000000 -101,000000 0,000000 0,000000
139 1734194838 12854,200000 -1,000000 -101,000000 0,000000 0,000000
139 1734194839 9802,400000 -1,000000 -101,000000 0,000000 0,000000
139 1734194840 9802,400000 -1,000000 -101,000000 0,000000 0,000000
139 1734194841 9802,400000 -1,000000 -101,000000 0,000000 0,000000
139 1734194842 9802,400000 -1,000000 -101,000000 0,000000 0,000000
139 1734194843 9802,400000 -1,000000 -101,000000 0,000000 0,000000
139 1734194844 7228,200000 -1,000000 -101,000000 0,000000 0,000000
139 1734194845 7228,200000 -1,000000 -101,000000 0,000000 0,000000
139 1734194846 7228,200000 -1,000000 -101,000000 0,000000 0,000000
139 1734194847 7228,200000 -1,000000 -101,000000 0,000000 0,000000
139 1734194848 7228,200000 -1,000000 -101,000000 0,000000 0,000000
139 1734194854 1862,000000 -1,000000 -101,000000 0,000000 0,000000
139 1734194855 1862,000000 -1,000000 -101,000000 0,000000 0,000000
139 1734194856 1862,000000 -1,000000 -101,000000 0,000000 0,000000
139 1734194857 1862,000000 -1,000000 -101,000000 0,000000 0,000000
139 1734194858 1862,000000 -1,000000 -101,000000 0,000000 0,000000
139 1734194859 556,200000 -1,000000 -101,000000 0,000000 0,000000
139 1734194860 556,200000 -1,000000 -101,000000 0,000000 0,000000
139 1734194861 556,200000 -1,000000 -101,000000 0,000000 0,000000
139 1734194862 556,200000 -1,000000 -101,000000 0,000000 0,000000
139 1734194863 556,200000 -1,000000 -101,000000 0,000000 0,000000
139 1734194879 6116,000000 -1,000000 -101,000000 0,000000 0,000000
139 1734194880 6116,000000 -1,000000 -101,000000 0,000000 0,000000
139 1734194881 6116,000000 -1,000000 -101,000000 0,000000 0,000000
139 1734194882 6116,000000 -1,000000 -101,000000 0,000000 0,000000
139 1734194883 6116,000000 -1,000000 -101,000000 0,000000 0,000000
139 1734194884 8148,800000 -1,000000 -101,000000 0,000000 0,000000
139 1734194885 8148,800000 -1,000000 -101,000000 0,000000 0,000000
139 1734194886 8148,800000 -1,000000 -101,000000 0,000000 0,000000
139 1734194887 8148,800000 -1,000000 -101,000000 0,000000 0,000000
139 1734194888 8148,800000 -1,000000 -101,000000 0,000000 0,000000
139 1734194889 7014,800000 -1,000000 -101,000000 0,000000 0,000000
139 1734194890 7014,800000 -1,000000 -101,000000 0,000000 0,000000
139 1734194891 7014,800000 -1,000000 -101,000000 0,000000 0,000000
139 1734194892 7014,800000 -1,000000 -101,000000 0,000000 0,000000
139 1734194893 7014,800000 -1,000000 -101,000000 0,000000 0,000000
139 1734194894 11293,600000 -1,000000 -101,000000 0,000000 0,000000
139 1734194895 11293,600000 -1,000000 -101,000000 0,000000 0,000000
139 1734194896 11293,600000 -1,000000 -101,000000 0,000000 0,000000
139 1734194897 11293,600000 -1,000000 -101,000000 0,000000 0,000000
139 1734194898 11293,600000 -1,000000 -101,000000 0,000000 0,000000
139 1734194899 9728,000000 -1,000000 -101,000000 0,000000 0,000000
139 1734194900 9728,000000 -1,000000 -101,000000 0,000000 0,000000
139 1734194901 9728,000000 -1,000000 -101,000000 0,000000 0,000000
139 1734194902 9728,000000 -1,000000 -101,000000 0,000000 0,000000
139 1734194903 9728,000000 -1,000000 -101,000000 0,000000 0,000000
139 1734194904 10173,600000 -1,000000 -101,000000 0,000000 0,000000
139 1734194905 10173,600000 -1,000000 -101,000000 0,000000 0,000000
139 1734194906 10173,600000 -1,000000 -101,000000 0,000000 0,000000
139 1734194907 10173,600000 -1,000000 -101,000000 0,000000 0,000000
139 1734194908 10173,600000 -1,000000 -101,000000 0,000000 0,000000
139 1734194909 9764,400000 -1,000000 -101,000000 0,000000 0,000000
139 1734194910 9764,400000 -1,000000 -101,000000 0,000000 0,000000
139 1734194911 9764,400000 -1,000000 -101,000000 0,000000 0,000000
139 1734194912 9764,400000 -1,000000 -101,000000 0,000000 0,000000
139 1734194913 9764,400000 -1,000000 -101,000000 0,000000 0,000000
139 1734194914 5313,400000 -1,000000 -101,000000 0,000000 0,000000
139 1734194915 5313,400000 -1,000000 -101,000000 0,000000 0,000000
139 1734194916 5313,400000 -1,000000 -101,000000 0,000000 0,000000
139 1734194917 5313,400000 -1,000000 -101,000000 0,000000 0,000000
139 1734194918 5313,400000 -1,000000 -101,000000 0,000000 0,000000
139 1734194919 8315,800000 -1,000000 -101,000000 0,000000 0,000000
139 1734194920 8315,800000 -1,000000 -101,000000 0,000000 0,000000
139 1734194921 8315,800000 -1,000000 -101,000000 0,000000 0,000000
139 1734194922 8315,800000 -1,000000 -101,000000 0,000000 0,000000
139 1734194923 8315,800000 -1,000000 -101,000000 0,000000 0,000000
139 1734194924 3085,400000 -1,000000 -101,000000 0,000000 0,000000
139 1734194925 3085,400000 -1,000000 -101,000000 0,000000 0,000000
139 1734194926 3085,400000 -1,000000 -101,000000 0,000000 0,000000
139 1734194927 3085,400000 -1,000000 -101,000000 0,000000 0,000000
139 1734194928 3085,400000 -1,000000 -101,000000 0,000000 0,000000
139 1734194929 1604,800000 -1,000000 -101,000000 0,000000 0,000000
139 1734194930 1604,800000 -1,000000 -101,000000 0,000000 0,000000
139 1734194931 1604,800000 -1,000000 -101,000000 0,000000 0,000000
139 1734194932 1604,800000 -1,000000 -101,000000 0,000000 0,000000
139 1734194933 1604,800000 -1,000000 -101,000000 0,000000 0,000000
139 1734194934 5890,800000 -1,000000 -101,000000 0,000000 0,000000
139 1734194935 5890,800000 -1,000000 -101,000000 0,000000 0,000000
139 1734194936 5890,800000 -1,000000 -101,000000 0,000000 0,000000
139 1734194937 5890,800000 -1,000000 -101,000000 0,000000 0,000000
139 1734194938 5890,800000 -1,000000 -101,000000 0,000000 0,000000
139 1734194954 27280,200000 -1,000000 -101,000000 0,000000 0,000000
139 1734194955 27280,200000 -1,000000 -101,000000 0,000000 0,000000
139 1734194956 27280,200000 -1,000000 -101,000000 0,000000 0,000000
139 1734194957 27280,200000 -1,000000 -101,000000 0,000000 0,000000
139 1734194958 27280,200000 -1,000000 -101,000000 0,000000 0,000000
139 1734194959 13600,400000 -1,000000 -101,000000 0,000000 0,000000
139 1734194960 13600,400000 -1,000000 -101,000000 0,000000 0,000000
139 1734194961 13600,400000 -1,000000 -101,000000 0,000000 0,000000
139 1734194962 13600,400000 -1,000000 -101,000000 0,000000 0,000000
139 1734194963 13600,400000 -1,000000 -101,000000 0,000000 0,000000
139 1734194964 4120,600000 -1,000000 -101,000000 0,000000 0,000000
139 1734194965 4120,600000 -1,000000 -101,000000 0,000000 0,000000
139 1734194966 4120,600000 -1,000000 -101,000000 0,000000 0,000000
139 1734194967 4120,600000 -1,000000 -101,000000 0,000000 0,000000
139 1734194968 4120,600000 -1,000000 -101,000000 0,000000 0,000000
139 1734194969 3411,000000 -1,000000 -101,000000 0,000000 0,000000
139 1734194970 3411,000000 -1,000000 -101,000000 0,000000 0,000000
