145 1734193690 0,000000 0,000000 -101,000000 0,000000 0,000000
145 1734193691 0,000000 0,000000 -101,000000 0,000000 0,000000
145 1734193692 0,000000 0,000000 -101,000000 0,000000 0,000000
145 1734193693 0,000000 0,000000 -101,000000 0,000000 0,000000
145 1734193694 4,600000 2,000000 9,200000 9,200000 -20,200000
145 1734193695 4,600000 2,000000 18,400000 18,400000 -20,200000
145 1734193696 4,600000 2,000000 27,600000 27,600000 -20,200000
145 1734193697 4,600000 2,000000 36,800000 36,800000 -20,200000
145 1734193698 4,600000 2,000000 46,000000 46,000000 -20,200000
145 1734193699 0,052632 3,800000 46,200000 46,200000 -20,200000
145 1734193700 0,052632 3,800000 46,400000 46,400000 -20,200000
145 1734193701 0,052632 3,800000 46,600000 46,600000 -20,200000
145 1734193702 0,052632 3,800000 46,800000 46,800000 -20,200000
145 1734193703 0,052632 3,800000 47,000000 47,000000 -20,200000
145 1734193704 -0,538462 5,200000 44,200000 44,200000 -20,200000
145 1734193705 -0,538462 5,200000 41,400000 41,400000 -20,200000
145 1734193706 -0,538462 5,200000 38,600000 38,600000 -20,200000
145 1734193707 -0,538462 5,200000 35,800000 35,800000 -20,200000
145 1734193708 -0,538462 5,200000 33,000000 33,000000 -20,200000
145 1734193709 -0,300000 6,000000 31,200000 31,200000 -20,200000
145 1734193710 -0,300000 6,000000 29,400000 29,400000 -20,200000
145 1734193711 -0,300000 6,000000 27,600000 27,600000 -20,200000
145 1734193712 -0,300000 6,000000 25,800000 25,800000 -20,200000
145 1734193713 -0,300000 6,000000 24,000000 24,000000 -20,200000
145 1734193714 0,166667 7,200000 25,200000 25,200000 -20,200000
145 1734193715 0,166667 7,200000 26,400000 26,400000 -20,200000
145 1734193716 0,166667 7,200000 27,600000 27,600000 -20,200000
145 1734193717 0,166667 7,200000 28,800000 28,800000 -20,200000
145 1734193718 0,166667 7,200000 30,000000 30,000000 -20,200000
145 1734193719 0,125000 8,000000 31,000000 31,000000 -20,200000
145 1734193720 0,125000 8,000000 32,000000 32,000000 -20,200000
145 1734193721 0,125000 8,000000 33,000000 33,000000 -20,200000
145 1734193722 0,125000 8,000000 34,000000 34,000000 -20,200000
145 1734193723 0,125000 8,000000 35,000000 35,000000 -20,200000
145 1734193724 0,000000 8,000000 35,000000 35,000000 -20,200000
145 1734193725 0,000000 8,000000 35,000000 35,000000 -20,200000
145 1734193726 0,000000 8,000000 35,000000 35,000000 -20,200000
145 1734193727 0,000000 8,000000 35,000000 35,000000 -20,200000
145 1734193728 0,000000 8,000000 35,000000 35,000000 -20,200000
145 1734193729 -0,048780 8,200000 34,600000 34,600000 -20,200000
145 1734193730 -0,048780 8,200000 34,200000 34,200000 -20,200000
145 1734193731 -0,048780 8,200000 33,800000 33,800000 -20,200000
145 1734193732 -0,048780 8,200000 33,400000 33,400000 -20,200000
145 1734193733 -0,048780 8,200000 33,000000 33,000000 -20,200000
145 1734193734 0,000000 8,200000 33,000000 33,000000 -20,200000
145 1734193735 0,000000 8,200000 33,000000 33,000000 -20,200000
145 1734193736 0,000000 8,200000 33,000000 33,000000 -20,200000
145 1734193737 0,000000 8,200000 33,000000 33,000000 -20,200000
145 1734193738 0,000000 8,200000 33,000000 33,000000 -20,200000
145 1734193739 0,047619 8,400000 33,400000 33,400000 -20,200000
145 1734193740 0,047619 8,400000 33,800000 33,800000 -20,200000
145 1734193741 0,047619 8,400000 34,200000 34,200000 -20,200000
145 1734193742 0,047619 8,400000 34,600000 34,600000 -20,200000
145 1734193743 0,047619 8,400000 35,000000 35,000000 -20,200000
145 1734193744 0,000000 8,400000 35,000000 35,000000 -20,200000
145 1734193745 0,000000 8,400000 35,000000 35,000000 -20,200000
145 1734193746 0,000000 8,400000 35,000000 35,000000 -20,200000
145 1734193747 0,000000 8,400000 35,000000 35,000000 -20,200000
145 1734193748 0,000000 8,400000 35,000000 35,000000 -20,200000
145 1734193749 0,000000 8,400000 35,000000 35,000000 -20,200000
145 1734193750 0,000000 8,400000 35,000000 35,000000 -20,200000
145 1734193751 0,000000 8,400000 35,000000 35,000000 -20,200000
145 1734193752 0,000000 8,400000 35,000000 35,000000 -20,200000
145 1734193753 0,000000 8,400000 35,000000 35,000000 -20,200000
145 1734193754 0,068182 8,800000 35,600000 35,600000 -20,200000
145 1734193755 0,068182 8,800000 36,200000 36,200000 -20,200000
145 1734193756 0,068182 8,800000 36,800000 36,800000 -20,200000
145 1734193757 0,068182 8,800000 37,400000 37,400000 -20,200000
145 1734193758 0,068182 8,800000 38,000000 38,000000 -20,200000
145 1734193759 -0,062500 9,600000 37,400000 37,400000 -20,200000
145 1734193760 -0,062500 9,600000 36,800000 36,800000 -20,200000
145 1734193761 -0,062500 9,600000 36,200000 36,200000 -20,200000
145 1734193762 -0,062500 9,600000 35,600000 35,600000 -20,200000
145 1734193763 -0,062500 9,600000 35,000000 35,000000 -20,200000
145 1734193764 0,019608 10,200000 35,200000 35,200000 -20,200000
145 1734193765 0,019608 10,200000 35,400000 35,400000 -20,200000
145 1734193766 0,019608 10,200000 35,600000 35,600000 -20,200000
145 1734193767 0,019608 10,200000 35,800000 35,800000 -20,200000
145 1734193768 0,019608 10,200000 36,000000 36,000000 -20,200000
145 1734193769 0,000000 10,200000 36,000000 36,000000 -20,200000
145 1734193770 0,000000 10,200000 36,000000 36,000000 -20,200000
145 1734193771 0,000000 10,200000 36,000000 36,000000 -20,200000
145 1734193772 0,000000 10,200000 36,000000 36,000000 -20,200000
145 1734193773 0,000000 10,200000 36,000000 36,000000 -20,200000
145 1734193774 -0,053571 11,200000 35,400000 35,400000 -20,200000
145 1734193775 -0,053571 11,200000 34,800000 34,800000 -20,200000
145 1734193776 -0,053571 11,200000 34,200000 34,200000 -20,200000
145 1734193777 -0,053571 11,200000 33,600000 33,600000 -20,200000
145 1734193778 -0,053571 11,200000 33,000000 33,000000 -20,200000
145 1734193779 0,068966 11,600000 33,800000 33,800000 -20,200000
145 1734193780 0,068966 11,600000 34,600000 34,600000 -20,200000
145 1734193781 0,068966 11,600000 35,400000 35,400000 -20,200000
145 1734193782 0,068966 11,600000 36,200000 36,200000 -20,200000
145 1734193783 0,068966 11,600000 37,000000 37,000000 -20,200000
145 1734193784 0,032258 12,400000 37,400000 37,400000 -20,200000
145 1734193785 0,032258 12,400000 37,800000 37,800000 -20,200000
145 1734193786 0,032258 12,400000 38,200000 38,200000 -20,200000
145 1734193787 0,032258 12,400000 38,600000 38,600000 -20,200000
145 1734193788 0,032258 12,400000 39,000000 39,000000 -20,200000
145 1734193789 -0,093750 12,800000 37,800000 37,800000 -20,200000
145 1734193790 -0,093750 12,800000 36,600000 36,600000 -20,200000
145 1734193791 -0,093750 12,800000 35,400000 35,400000 -20,200000
145 1734193792 -0,093750 12,800000 34,200000 34,200000 -20,200000
145 1734193793 -0,093750 12,800000 33,000000 33,000000 -20,200000
145 1734193794 0,029412 13,600000 33,400000 33,400000 -20,200000
145 1734193795 0,029412 13,600000 33,800000 33,800000 -20,200000
145 1734193796 0,029412 13,600000 34,200000 34,200000 -20,200000
145 1734193797 0,029412 13,600000 34,600000 34,600000 -20,200000
145 1734193798 0,029412 13,600000 35,000000 35,000000 -20,200000
145 1734193799 0,028169 14,200000 35,400000 35,400000 -20,200000
145 1734193800 0,028169 14,200000 35,800000 35,800000 -20,200000
145 1734193801 0,028169 14,200000 36,200000 36,200000 -20,200000
145 1734193802 0,028169 14,200000 36,600000 36,600000 -20,200000
145 1734193803 0,028169 14,200000 37,000000 37,000000 -20,200000
145 1734193804 -0,054795 14,600000 36,200000 36,200000 -20,200000
145 1734193805 -0,054795 14,600000 35,400000 35,400000 -20,200000
145 1734193806 -0,054795 14,600000 34,600000 34,600000 -20,200000
145 1734193807 -0,054795 14,600000 33,800000 33,800000 -20,200000
145 1734193808 -0,054795 14,600000 33,000000 33,000000 -20,200000
145 1734193809 -0,052632 15,200000 32,200000 32,200000 -20,200000
145 1734193810 -0,052632 15,200000 31,400000 31,400000 -20,200000
145 1734193811 -0,052632 15,200000 30,600000 30,600000 -20,200000
145 1734193812 -0,052632 15,200000 29,800000 29,800000 -20,200000
145 1734193813 -0,052632 15,200000 29,000000 29,000000 -20,200000
145 1734193814 0,038462 15,600000 29,600000 29,600000 -20,200000
145 1734193815 0,038462 15,600000 30,200000 30,200000 -20,200000
145 1734193816 0,038462 15,600000 30,800000 30,800000 -20,200000
145 1734193817 0,038462 15,600000 31,400000 31,400000 -20,200000
145 1734193818 0,038462 15,600000 32,000000 32,000000 -20,200000
145 1734193819 0,034884 17,200000 32,600000 32,600000 -20,200000
145 1734193820 0,034884 17,200000 33,200000 33,200000 -20,200000
145 1734193821 0,034884 17,200000 33,800000 33,800000 -20,200000
145 1734193822 0,034884 17,200000 34,400000 34,400000 -20,200000
145 1734193823 0,034884 17,200000 35,000000 35,000000 -20,200000
145 1734193824 0,000000 17,200000 35,000000 35,000000 -20,200000
145 1734193825 0,000000 17,200000 35,000000 35,000000 -20,200000
145 1734193826 0,000000 17,200000 35,000000 35,000000 -20,200000
145 1734193827 0,000000 17,200000 35,000000 35,000000 -20,200000
145 1734193828 0,000000 17,200000 35,000000 35,000000 -20,200000
145 1734193829 0,000000 17,200000 35,000000 35,000000 -20,200000
145 1734193830 0,000000 17,200000 35,000000 35,000000 -20,200000
145 1734193831 0,000000 17,200000 35,000000 35,000000 -20,200000
145 1734193832 0,000000 17,200000 35,000000 35,000000 -20,200000
145 1734193833 0,000000 17,200000 35,000000 35,000000 -20,200000
145 1734193834 0,067416 17,800000 36,200000 36,200000 -20,200000
145 1734193835 0,067416 17,800000 37,400000 37,400000 -20,200000
145 1734193836 0,067416 17,800000 38,600000 38,600000 -20,200000
145 1734193837 0,067416 17,800000 39,800000 39,800000 -20,200000
145 1734193838 0,067416 17,800000 41,000000 41,000000 -20,200000
145 1734193839 -0,043956 18,200000 40,200000 40,200000 -20,200000
145 1734193840 -0,043956 18,200000 39,400000 39,400000 -20,200000
145 1734193841 -0,043956 18,200000 38,600000 38,600000 -20,200000
145 1734193842 -0,043956 18,200000 37,800000 37,800000 -20,200000
145 1734193843 -0,043956 18,200000 37,000000 37,000000 -20,200000
145 1734193844 -0,085106 18,800000 35,400000 35,400000 -20,200000
145 1734193845 -0,085106 18,800000 33,800000 33,800000 -20,200000
145 1734193846 -0,085106 18,800000 32,200000 32,200000 -20,200000
145 1734193847 -0,085106 18,800000 30,600000 30,600000 -20,200000
145 1734193848 -0,085106 18,800000 29,000000 29,000000 -20,200000
145 1734193849 0,000000 18,800000 29,000000 29,000000 -20,200000
145 1734193850 0,000000 18,800000 29,000000 29,000000 -20,200000
145 1734193851 0,000000 18,800000 29,000000 29,000000 -20,200000
145 1734193852 0,000000 18,800000 29,000000 29,000000 -20,200000
145 1734193853 0,000000 18,800000 29,000000 29,000000 -20,200000
145 1734193854 0,102041 19,600000 31,000000 31,000000 -20,200000
145 1734193855 0,102041 19,600000 33,000000 33,000000 -20,200000
145 1734193856 0,102041 19,600000 35,000000 35,000000 -20,200000
145 1734193857 0,102041 19,600000 37,000000 37,000000 -20,200000
145 1734193858 0,102041 19,600000 39,000000 39,000000 -20,200000
145 1734193859 0,040000 20,000000 39,800000 39,800000 -20,200000
145 1734193860 0,040000 20,000000 40,600000 40,600000 -20,200000
145 1734193861 0,040000 20,000000 41,400000 41,400000 -20,200000
145 1734193862 0,040000 20,000000 42,200000 42,200000 -20,200000
145 1734193863 0,040000 20,000000 43,000000 43,000000 -20,200000
145 1734193864 -0,039216 20,400000 42,200000 42,200000 -20,200000
145 1734193865 -0,039216 20,400000 41,400000 41,400000 -20,200000
145 1734193866 -0,039216 20,400000 40,600000 40,600000 -20,200000
145 1734193867 -0,039216 20,400000 39,800000 39,800000 -20,200000
145 1734193868 -0,039216 20,400000 39,000000 39,000000 -20,200000
145 1734193869 -0,057692 20,800000 37,800000 37,800000 -20,200000
145 1734193870 -0,057692 20,800000 36,600000 36,600000 -20,200000
145 1734193871 -0,057692 20,800000 35,400000 35,400000 -20,200000
145 1734193872 -0,057692 20,800000 34,200000 34,200000 -20,200000
145 1734193873 -0,057692 20,800000 33,000000 33,000000 -20,200000
145 1734193874 0,027523 21,800000 33,600000 33,600000 -20,200000
145 1734193875 0,027523 21,800000 34,200000 34,200000 -20,200000
145 1734193876 0,027523 21,800000 34,800000 34,800000 -20,200000
145 1734193877 0,027523 21,800000 35,400000 35,400000 -20,200000
145 1734193878 0,027523 21,800000 36,000000 36,000000 -20,200000
145 1734193879 -0,008772 22,800000 35,800000 35,800000 -20,200000
145 1734193880 -0,008772 22,800000 35,600000 35,600000 -20,200000
145 1734193881 -0,008772 22,800000 35,400000 35,400000 -20,200000
145 1734193882 -0,008772 22,800000 35,200000 35,200000 -20,200000
145 1734193883 -0,008772 22,800000 35,000000 35,000000 -20,200000
145 1734193884 0,000000 22,800000 35,000000 35,000000 -20,200000
145 1734193885 0,000000 22,800000 35,000000 35,000000 -20,200000
145 1734193886 0,000000 22,800000 35,000000 35,000000 -20,200000
145 1734193887 0,000000 22,800000 35,000000 35,000000 -20,200000
145 1734193888 0,000000 22,800000 35,000000 35,000000 -20,200000
145 1734193889 0,000000 22,800000 35,000000 35,000000 -20,200000
145 1734193890 0,000000 22,800000 35,000000 35,000000 -20,200000
145 1734193891 0,000000 22,800000 35,000000 35,000000 -20,200000
145 1734193892 0,000000 22,800000 35,000000 35,000000 -20,200000
145 1734193893 0,000000 22,800000 35,000000 35,000000 -20,200000
145 1734193894 0,000000 23,200000 35,000000 35,000000 -20,200000
145 1734193895 0,000000 23,200000 35,000000 35,000000 -20,200000
145 1734193896 0,000000 23,200000 35,000000 35,000000 -20,200000
145 1734193897 0,000000 23,200000 35,000000 35,000000 -20,200000
145 1734193898 0,000000 23,200000 35,000000 35,000000 -20,200000
145 1734193899 0,025424 23,600000 35,600000 35,600000 -20,200000
145 1734193900 0,025424 23,600000 36,200000 36,200000 -20,200000
145 1734193901 0,025424 23,600000 36,800000 36,800000 -20,200000
145 1734193902 0,025424 23,600000 37,400000 37,400000 -20,200000
145 1734193903 0,025424 23,600000 38,000000 38,000000 -20,200000
145 1734193904 0,008197 24,400000 38,200000 38,200000 -20,200000
145 1734193905 0,008197 24,400000 38,400000 38,400000 -20,200000
145 1734193906 0,008197 24,400000 38,600000 38,600000 -20,200000
145 1734193907 0,008197 24,400000 38,800000 38,800000 -20,200000
145 1734193908 0,008197 24,400000 39,000000 39,000000 -20,200000
145 1734193909 -0,056000 25,000000 37,600000 37,600000 -20,200000
145 1734193910 -0,056000 25,000000 36,200000 36,200000 -20,200000
145 1734193911 -0,056000 25,000000 34,800000 34,800000 -20,200000
145 1734193912 -0,056000 25,000000 33,400000 33,400000 -20,200000
145 1734193913 -0,056000 25,000000 32,000000 32,000000 -20,200000
145 1734193914 -0,078740 25,400000 30,000000 30,000000 -20,200000
145 1734193915 -0,078740 25,400000 28,000000 28,000000 -20,200000
145 1734193916 -0,078740 25,400000 26,000000 26,000000 -20,200000
145 1734193917 -0,078740 25,400000 24,000000 24,000000 -20,200000
145 1734193918 -0,078740 25,400000 22,000000 22,000000 -20,200000
145 1734193919 0,053030 26,400000 23,400000 23,400000 -20,200000
145 1734193920 0,053030 26,400000 24,800000 24,800000 -20,200000
145 1734193921 0,053030 26,400000 26,200000 26,200000 -20,200000
145 1734193922 0,053030 26,400000 27,600000 27,600000 -20,200000
145 1734193923 0,053030 26,400000 29,000000 29,000000 -20,200000
145 1734193924 0,044776 26,800000 30,200000 30,200000 -20,200000
145 1734193925 0,044776 26,800000 31,400000 31,400000 -20,200000
145 1734193926 0,044776 26,800000 32,600000 32,600000 -20,200000
145 1734193927 0,044776 26,800000 33,800000 33,800000 -20,200000
145 1734193928 0,044776 26,800000 35,000000 35,000000 -20,200000
145 1734193929 0,000000 26,800000 35,000000 35,000000 -20,200000
145 1734193930 0,000000 26,800000 35,000000 35,000000 -20,200000
145 1734193931 0,000000 26,800000 35,000000 35,000000 -20,200000
145 1734193932 0,000000 26,800000 35,000000 35,000000 -20,200000
145 1734193933 0,000000 26,800000 35,000000 35,000000 -20,200000
145 1734193934 0,050725 27,600000 36,400000 36,400000 -20,200000
145 1734193935 0,050725 27,600000 37,800000 37,800000 -20,200000
145 1734193936 0,050725 27,600000 39,200000 39,200000 -20,200000
145 1734193937 0,050725 27,600000 40,600000 40,600000 -20,200000
145 1734193938 0,050725 27,600000 42,000000 42,000000 -20,200000
145 1734193939 0,000000 28,800000 42,000000 42,000000 -20,200000
145 1734193940 0,000000 28,800000 42,000000 42,000000 -20,200000
145 1734193941 0,000000 28,800000 42,000000 42,000000 -20,200000
145 1734193942 0,000000 28,800000 42,000000 42,000000 -20,200000
145 1734193943 0,000000 28,800000 42,000000 42,000000 -20,200000
145 1734193944 -0,034014 29,400000 41,000000 41,000000 -20,200000
145 1734193945 -0,034014 29,400000 40,000000 40,000000 -20,200000
145 1734193946 -0,034014 29,400000 39,000000 39,000000 -20,200000
145 1734193947 -0,034014 29,400000 38,000000 38,000000 -20,200000
145 1734193948 -0,034014 29,400000 37,000000 37,000000 -20,200000
145 1734193949 -0,020134 29,800000 36,400000 36,400000 -20,200000
145 1734193950 -0,020134 29,800000 35,800000 35,800000 -20,200000
145 1734193951 -0,020134 29,800000 35,200000 35,200000 -20,200000
145 1734193952 -0,020134 29,800000 34,600000 34,600000 -20,200000
145 1734193953 -0,020134 29,800000 34,000000 34,000000 -20,200000
145 1734193954 0,006536 30,600000 34,200000 34,200000 -20,200000
145 1734193955 0,006536 30,600000 34,400000 34,400000 -20,200000
145 1734193956 0,006536 30,600000 34,600000 34,600000 -20,200000
145 1734193957 0,006536 30,600000 34,800000 34,800000 -20,200000
145 1734193958 0,006536 30,600000 35,000000 35,000000 -20,200000
145 1734193959 0,000000 30,600000 35,000000 35,000000 -20,200000
145 1734193960 0,000000 30,600000 35,000000 35,000000 -20,200000
145 1734193961 0,000000 30,600000 35,000000 35,000000 -20,200000
145 1734193962 0,000000 30,600000 35,000000 35,000000 -20,200000
145 1734193963 0,000000 30,600000 35,000000 35,000000 -20,200000
145 1734193964 0,000000 30,600000 35,000000 35,000000 -20,200000
145 1734193965 0,000000 30,600000 35,000000 35,000000 -20,200000
145 1734193966 0,000000 30,600000 35,000000 35,000000 -20,200000
145 1734193967 0,000000 30,600000 35,000000 35,000000 -20,200000
145 1734193968 0,000000 30,600000 35,000000 35,000000 -20,200000
145 1734193969 0,000000 30,600000 35,000000 35,000000 -20,200000
145 1734193970 0,000000 30,600000 35,000000 35,000000 -20,200000
145 1734193971 0,000000 30,600000 35,000000 35,000000 -20,200000
145 1734193972 0,000000 30,600000 35,000000 35,000000 -20,200000
145 1734193973 0,000000 30,600000 35,000000 35,000000 -20,200000
145 1734193974 0,038462 31,200000 36,200000 36,200000 -20,200000
145 1734193975 0,038462 31,200000 37,400000 37,400000 -20,200000
145 1734193976 0,038462 31,200000 38,600000 38,600000 -20,200000
145 1734193977 0,038462 31,200000 39,800000 39,800000 -20,200000
145 1734193978 0,038462 31,200000 41,000000 41,000000 -20,200000
145 1734193979 -0,025316 31,600000 40,200000 40,200000 -20,200000
145 1734193980 -0,025316 31,600000 39,400000 39,400000 -20,200000
145 1734193981 -0,025316 31,600000 38,600000 38,600000 -20,200000
145 1734193982 -0,025316 31,600000 37,800000 37,800000 -20,200000
145 1734193983 -0,025316 31,600000 37,000000 37,000000 -20,200000
145 1734193984 -0,062500 32,000000 35,000000 35,000000 -20,200000
145 1734193985 -0,062500 32,000000 33,000000 33,000000 -20,200000
145 1734193986 -0,062500 32,000000 31,000000 31,000000 -20,200000
145 1734193987 -0,062500 32,000000 29,000000 29,000000 -20,200000
145 1734193988 -0,062500 32,000000 27,000000 27,000000 -20,200000
145 1734193989 0,012422 32,200000 27,400000 27,400000 -20,200000
145 1734193990 0,012422 32,200000 27,800000 27,800000 -20,200000
145 1734193991 0,012422 32,200000 28,200000 28,200000 -20,200000
145 1734193992 0,012422 32,200000 28,600000 28,600000 -20,200000
145 1734193993 0,012422 32,200000 29,000000 29,000000 -20,200000
145 1734193994 0,053892 33,400000 30,800000 30,800000 -20,200000
145 1734193995 0,053892 33,400000 32,600000 32,600000 -20,200000
145 1734193996 0,053892 33,400000 34,400000 34,400000 -20,200000
145 1734193997 0,053892 33,400000 36,200000 36,200000 -20,200000
145 1734193998 0,053892 33,400000 38,000000 38,000000 -20,200000
145 1734193999 0,005780 34,600000 38,200000 38,200000 -20,200000
145 1734194000 0,005780 34,600000 38,400000 38,400000 -20,200000
145 1734194001 0,005780 34,600000 38,600000 38,600000 -20,200000
145 1734194002 0,005780 34,600000 38,800000 38,800000 -20,200000
145 1734194003 0,005780 34,600000 39,000000 39,000000 -20,200000
145 1734194004 -0,022857 35,000000 38,200000 38,200000 -20,200000
145 1734194005 -0,022857 35,000000 37,400000 37,400000 -20,200000
145 1734194006 -0,022857 35,000000 36,600000 36,600000 -20,200000
145 1734194007 -0,022857 35,000000 35,800000 35,800000 -20,200000
145 1734194008 -0,022857 35,000000 35,000000 35,000000 -20,200000
145 1734194009 -0,033898 35,400000 33,800000 33,800000 -20,200000
145 1734194010 -0,033898 35,400000 32,600000 32,600000 -20,200000
145 1734194011 -0,033898 35,400000 31,400000 31,400000 -20,200000
145 1734194012 -0,033898 35,400000 30,200000 30,200000 -20,200000
145 1734194013 -0,033898 35,400000 29,000000 29,000000 -20,200000
145 1734194014 0,022346 35,800000 29,800000 29,800000 -20,200000
145 1734194015 0,022346 35,800000 30,600000 30,600000 -20,200000
145 1734194016 0,022346 35,800000 31,400000 31,400000 -20,200000
145 1734194017 0,022346 35,800000 32,200000 32,200000 -20,200000
145 1734194018 0,022346 35,800000 33,000000 33,000000 -20,200000
145 1734194019 0,043011 37,200000 34,600000 34,600000 -20,200000
145 1734194020 0,043011 37,200000 36,200000 36,200000 -20,200000
145 1734194021 0,043011 37,200000 37,800000 37,800000 -20,200000
145 1734194022 0,043011 37,200000 39,400000 39,400000 -20,200000
145 1734194023 0,043011 37,200000 41,000000 41,000000 -20,200000
145 1734194024 -0,010582 37,800000 40,600000 40,600000 -20,200000
145 1734194025 -0,010582 37,800000 40,200000 40,200000 -20,200000
145 1734194026 -0,010582 37,800000 39,800000 39,800000 -20,200000
145 1734194027 -0,010582 37,800000 39,400000 39,400000 -20,200000
145 1734194028 -0,010582 37,800000 39,000000 39,000000 -20,200000
145 1734194029 -0,020942 38,200000 38,200000 38,200000 -20,200000
145 1734194030 -0,020942 38,200000 37,400000 37,400000 -20,200000
145 1734194031 -0,020942 38,200000 36,600000 36,600000 -20,200000
145 1734194032 -0,020942 38,200000 35,800000 35,800000 -20,200000
145 1734194033 -0,020942 38,200000 35,000000 35,000000 -20,200000
145 1734194034 0,000000 38,800000 35,000000 35,000000 -20,200000
145 1734194035 0,000000 38,800000 35,000000 35,000000 -20,200000
145 1734194036 0,000000 38,800000 35,000000 35,000000 -20,200000
145 1734194037 0,000000 38,800000 35,000000 35,000000 -20,200000
145 1734194038 0,000000 38,800000 35,000000 35,000000 -20,200000
145 1734194039 0,000000 38,800000 35,000000 35,000000 -20,200000
145 1734194040 0,000000 38,800000 35,000000 35,000000 -20,200000
145 1734194041 0,000000 38,800000 35,000000 35,000000 -20,200000
145 1734194042 0,000000 38,800000 35,000000 35,000000 -20,200000
145 1734194043 0,000000 38,800000 35,000000 35,000000 -20,200000
145 1734194044 0,020408 39,200000 35,800000 35,800000 -20,200000
145 1734194045 0,020408 39,200000 36,600000 36,600000 -20,200000
145 1734194046 0,020408 39,200000 37,400000 37,400000 -20,200000
145 1734194047 0,020408 39,200000 38,200000 38,200000 -20,200000
145 1734194048 0,020408 39,200000 39,000000 39,000000 -20,200000
145 1734194049 0,000000 39,200000 39,000000 39,000000 -20,200000
145 1734194050 0,000000 39,200000 39,000000 39,000000 -20,200000
145 1734194051 0,000000 39,200000 39,000000 39,000000 -20,200000
145 1734194052 0,000000 39,200000 39,000000 39,000000 -20,200000
145 1734194053 0,000000 39,200000 39,000000 39,000000 -20,200000
145 1734194054 -0,044776 40,200000 37,200000 37,200000 -20,200000
145 1734194055 -0,044776 40,200000 35,400000 35,400000 -20,200000
145 1734194056 -0,044776 40,200000 33,600000 33,600000 -20,200000
145 1734194057 -0,044776 40,200000 31,800000 31,800000 -20,200000
145 1734194058 -0,044776 40,200000 30,000000 30,000000 -20,200000
145 1734194059 -0,004854 41,200000 29,800000 29,800000 -20,200000
145 1734194060 -0,004854 41,200000 29,600000 29,600000 -20,200000
145 1734194061 -0,004854 41,200000 29,400000 29,400000 -20,200000
145 1734194062 -0,004854 41,200000 29,200000 29,200000 -20,200000
145 1734194063 -0,004854 41,200000 29,000000 29,000000 -20,200000
145 1734194064 0,028846 41,600000 30,200000 30,200000 -20,200000
145 1734194065 0,028846 41,600000 31,400000 31,400000 -20,200000
145 1734194066 0,028846 41,600000 32,600000 32,600000 -20,200000
145 1734194067 0,028846 41,600000 33,800000 33,800000 -20,200000
145 1734194068 0,028846 41,600000 35,000000 35,000000 -20,200000
145 1734194069 0,000000 41,600000 35,000000 35,000000 -20,200000
145 1734194070 0,000000 41,600000 35,000000 35,000000 -20,200000
145 1734194071 0,000000 41,600000 35,000000 35,000000 -20,200000
145 1734194072 0,000000 41,600000 35,000000 35,000000 -20,200000
145 1734194073 0,000000 41,600000 35,000000 35,000000 -20,200000
145 1734194074 0,000000 41,600000 35,000000 35,000000 -20,200000
145 1734194075 0,000000 41,600000 35,000000 35,000000 -20,200000
145 1734194076 0,000000 41,600000 35,000000 35,000000 -20,200000
145 1734194077 0,000000 41,600000 35,000000 35,000000 -20,200000
145 1734194078 0,000000 41,600000 35,000000 35,000000 -20,200000
145 1734194079 0,000000 41,600000 35,000000 35,000000 -20,200000
145 1734194080 0,000000 41,600000 35,000000 35,000000 -20,200000
145 1734194081 0,000000 41,600000 35,000000 35,000000 -20,200000
145 1734194082 0,000000 41,600000 35,000000 35,000000 -20,200000
145 1734194083 0,000000 41,600000 35,000000 35,000000 -20,200000
145 1734194084 0,000000 41,600000 35,000000 35,000000 -20,200000
145 1734194085 0,000000 41,600000 35,000000 35,000000 -20,200000
145 1734194086 0,000000 41,600000 35,000000 35,000000 -20,200000
145 1734194087 0,000000 41,600000 35,000000 35,000000 -20,200000
145 1734194088 0,000000 41,600000 35,000000 35,000000 -20,200000
145 1734194089 -0,009569 41,800000 34,600000 34,600000 -20,200000
145 1734194090 -0,009569 41,800000 34,200000 34,200000 -20,200000
145 1734194091 -0,009569 41,800000 33,800000 33,800000 -20,200000
145 1734194092 -0,009569 41,800000 33,400000 33,400000 -20,200000
145 1734194093 -0,009569 41,800000 33,000000 33,000000 -20,200000
145 1734194094 0,018957 42,200000 33,800000 33,800000 -20,200000
145 1734194095 0,018957 42,200000 34,600000 34,600000 -20,200000
145 1734194096 0,018957 42,200000 35,400000 35,400000 -20,200000
145 1734194097 0,018957 42,200000 36,200000 36,200000 -20,200000
145 1734194098 0,018957 42,200000 37,000000 37,000000 -20,200000
145 1734194099 0,027778 43,200000 38,200000 38,200000 -20,200000
145 1734194100 0,027778 43,200000 39,400000 39,400000 -20,200000
145 1734194101 0,027778 43,200000 40,600000 40,600000 -20,200000
145 1734194102 0,027778 43,200000 41,800000 41,800000 -20,200000
145 1734194103 0,027778 43,200000 43,000000 43,000000 -20,200000
145 1734194104 0,000000 44,000000 43,000000 43,000000 -20,200000
145 1734194105 0,000000 44,000000 43,000000 43,000000 -20,200000
145 1734194106 0,000000 44,000000 43,000000 43,000000 -20,200000
145 1734194107 0,000000 44,000000 43,000000 43,000000 -20,200000
145 1734194108 0,000000 44,000000 43,000000 43,000000 -20,200000
145 1734194109 -0,044643 44,800000 41,000000 41,000000 -20,200000
145 1734194110 -0,044643 44,800000 39,000000 39,000000 -20,200000
145 1734194111 -0,044643 44,800000 37,000000 37,000000 -20,200000
145 1734194112 -0,044643 44,800000 35,000000 35,000000 -20,200000
145 1734194113 -0,044643 44,800000 33,000000 33,000000 -20,200000
145 1734194114 0,021459 46,600000 34,000000 34,000000 -20,200000
145 1734194115 0,021459 46,600000 35,000000 35,000000 -20,200000
145 1734194116 0,021459 46,600000 36,000000 36,000000 -20,200000
145 1734194117 0,021459 46,600000 37,000000 37,000000 -20,200000
145 1734194118 0,021459 46,600000 38,000000 38,000000 -20,200000
145 1734194119 -0,025210 47,600000 36,800000 36,800000 -20,200000
145 1734194120 -0,025210 47,600000 35,600000 35,600000 -20,200000
145 1734194121 -0,025210 47,600000 34,400000 34,400000 -20,200000
145 1734194122 -0,025210 47,600000 33,200000 33,200000 -20,200000
145 1734194123 -0,025210 47,600000 32,000000 32,000000 -20,200000
145 1734194124 -0,024490 49,000000 30,800000 30,800000 -20,200000
145 1734194125 -0,024490 49,000000 29,600000 29,600000 -20,200000
145 1734194126 -0,024490 49,000000 28,400000 28,400000 -20,200000
145 1734194127 -0,024490 49,000000 27,200000 27,200000 -20,200000
145 1734194128 -0,024490 49,000000 26,000000 26,000000 -20,200000
145 1734194129 0,000000 49,000000 26,000000 26,000000 -20,200000
145 1734194130 0,000000 49,000000 26,000000 26,000000 -20,200000
145 1734194131 0,000000 49,000000 26,000000 26,000000 -20,200000
145 1734194132 0,000000 49,000000 26,000000 26,000000 -20,200000
145 1734194133 0,000000 49,000000 26,000000 26,000000 -20,200000
145 1734194134 0,032258 49,600000 27,600000 27,600000 -20,200000
145 1734194135 0,032258 49,600000 29,200000 29,200000 -20,200000
145 1734194136 0,032258 49,600000 30,800000 30,800000 -20,200000
145 1734194137 0,032258 49,600000 32,400000 32,400000 -20,200000
145 1734194138 0,032258 49,600000 34,000000 34,000000 -20,200000
145 1734194139 0,000000 49,600000 34,000000 34,000000 -20,200000
145 1734194140 0,000000 49,600000 34,000000 34,000000 -20,200000
145 1734194141 0,000000 49,600000 34,000000 34,000000 -20,200000
145 1734194142 0,000000 49,600000 34,000000 34,000000 -20,200000
145 1734194143 0,000000 49,600000 34,000000 34,000000 -20,200000
145 1734194144 0,000000 49,600000 34,000000 34,000000 -20,200000
145 1734194145 0,000000 49,600000 34,000000 34,000000 -20,200000
145 1734194146 0,000000 49,600000 34,000000 34,000000 -20,200000
145 1734194147 0,000000 49,600000 34,000000 34,000000 -20,200000
145 1734194148 0,000000 49,600000 34,000000 34,000000 -20,200000
145 1734194149 0,000000 49,600000 34,000000 34,000000 -20,200000
145 1734194150 0,000000 49,600000 34,000000 34,000000 -20,200000
145 1734194151 0,000000 49,600000 34,000000 34,000000 -20,200000
145 1734194152 0,000000 49,600000 34,000000 34,000000 -20,200000
145 1734194153 0,000000 49,600000 34,000000 34,000000 -20,200000
145 1734194154 0,000000 49,600000 34,000000 34,000000 -20,200000
145 1734194155 0,000000 49,600000 34,000000 34,000000 -20,200000
145 1734194156 0,000000 49,600000 34,000000 34,000000 -20,200000
145 1734194157 0,000000 49,600000 34,000000 34,000000 -20,200000
145 1734194158 0,000000 49,600000 34,000000 34,000000 -20,200000
145 1734194159 -0,008032 49,800000 33,600000 33,600000 -20,200000
145 1734194160 -0,008032 49,800000 33,200000 33,200000 -20,200000
145 1734194161 -0,008032 49,800000 32,800000 32,800000 -20,200000
145 1734194162 -0,008032 49,800000 32,400000 32,400000 -20,200000
145 1734194163 -0,008032 49,800000 32,000000 32,000000 -20,200000
145 1734194164 0,000000 49,800000 32,000000 32,000000 -20,200000
145 1734194165 0,000000 49,800000 32,000000 32,000000 -20,200000
145 1734194166 0,000000 49,800000 32,000000 32,000000 -20,200000
145 1734194167 0,000000 49,800000 32,000000 32,000000 -20,200000
145 1734194168 0,000000 49,800000 32,000000 32,000000 -20,200000
145 1734194169 0,008000 50,000000 32,400000 32,400000 -20,200000
145 1734194170 0,008000 50,000000 32,800000 32,800000 -20,200000
145 1734194171 0,008000 50,000000 33,200000 33,200000 -20,200000
145 1734194172 0,008000 50,000000 33,600000 33,600000 -20,200000
145 1734194173 0,008000 50,000000 34,000000 34,000000 -20,200000
145 1734194174 0,031496 50,800000 35,600000 35,600000 -20,200000
145 1734194175 0,031496 50,800000 37,200000 37,200000 -20,200000
145 1734194176 0,031496 50,800000 38,800000 38,800000 -20,200000
145 1734194177 0,031496 50,800000 40,400000 40,400000 -20,200000
145 1734194178 0,031496 50,800000 42,000000 42,000000 -20,200000
145 1734194179 0,000000 52,000000 42,000000 42,000000 -20,200000
145 1734194180 0,000000 52,000000 42,000000 42,000000 -20,200000
145 1734194181 0,000000 52,000000 42,000000 42,000000 -20,200000
145 1734194182 0,000000 52,000000 42,000000 42,000000 -20,200000
145 1734194183 0,000000 52,000000 42,000000 42,000000 -20,200000
145 1734194184 0,000000 52,800000 42,000000 42,000000 -20,200000
145 1734194185 0,000000 52,800000 42,000000 42,000000 -20,200000
145 1734194186 0,000000 52,800000 42,000000 42,000000 -20,200000
145 1734194187 0,000000 52,800000 42,000000 42,000000 -20,200000
145 1734194188 0,000000 52,800000 42,000000 42,000000 -20,200000
145 1734194189 -0,022556 53,200000 40,800000 40,800000 -20,200000
145 1734194190 -0,022556 53,200000 39,600000 39,600000 -20,200000
145 1734194191 -0,022556 53,200000 38,400000 38,400000 -20,200000
145 1734194192 -0,022556 53,200000 37,200000 37,200000 -20,200000
145 1734194193 -0,022556 53,200000 36,000000 36,000000 -20,200000
145 1734194194 -0,029630 54,000000 34,400000 34,400000 -20,200000
145 1734194195 -0,029630 54,000000 32,800000 32,800000 -20,200000
145 1734194196 -0,029630 54,000000 31,200000 31,200000 -20,200000
145 1734194197 -0,029630 54,000000 29,600000 29,600000 -20,200000
145 1734194198 -0,029630 54,000000 28,000000 28,000000 -20,200000
145 1734194199 -0,007326 54,600000 27,600000 27,600000 -20,200000
145 1734194200 -0,007326 54,600000 27,200000 27,200000 -20,200000
145 1734194201 -0,007326 54,600000 26,800000 26,800000 -20,200000
145 1734194202 -0,007326 54,600000 26,400000 26,400000 -20,200000
145 1734194203 -0,007326 54,600000 26,000000 26,000000 -20,200000
145 1734194204 0,043165 55,600000 28,400000 28,400000 -20,200000
145 1734194205 0,043165 55,600000 30,800000 30,800000 -20,200000
145 1734194206 0,043165 55,600000 33,200000 33,200000 -20,200000
145 1734194207 0,043165 55,600000 35,600000 35,600000 -20,200000
145 1734194208 0,043165 55,600000 38,000000 38,000000 -20,200000
145 1734194209 -0,014286 56,000000 37,200000 37,200000 -20,200000
145 1734194210 -0,014286 56,000000 36,400000 36,400000 -20,200000
145 1734194211 -0,014286 56,000000 35,600000 35,600000 -20,200000
145 1734194212 -0,014286 56,000000 34,800000 34,800000 -20,200000
145 1734194213 -0,014286 56,000000 34,000000 34,000000 -20,200000
145 1734194214 -0,021277 56,400000 32,800000 32,800000 -20,200000
145 1734194215 -0,021277 56,400000 31,600000 31,600000 -20,200000
145 1734194216 -0,021277 56,400000 30,400000 30,400000 -20,200000
145 1734194217 -0,021277 56,400000 29,200000 29,200000 -20,200000
145 1734194218 -0,021277 56,400000 28,000000 28,000000 -20,200000
145 1734194219 0,000000 56,400000 28,000000 28,000000 -20,200000
145 1734194220 0,000000 56,400000 28,000000 28,000000 -20,200000
145 1734194221 0,000000 56,400000 28,000000 28,000000 -20,200000
145 1734194222 0,000000 56,400000 28,000000 28,000000 -20,200000
145 1734194284 0,000000 1,000000 34,000000 34,000000 10201,000000
145 1734194283 2,000000 0,200000 34,000000 34,000000 2040,232000
145 1734194282 2,000000 0,200000 33,600000 33,600000 2040,232000
145 1734194281 2,000000 0,200000 33,200000 33,200000 2040,232000
145 1734194280 2,000000 0,200000 32,800000 32,800000 2040,232000
145 1734194279 2,000000 0,200000 32,400000 32,400000 2040,232000
145 1734194278 8,000000 0,200000 32,000000 32,000000 2040,712000
145 1734194277 8,000000 0,200000 30,400000 30,400000 2040,712000
145 1734194276 8,000000 0,200000 28,800000 28,800000 2040,712000
145 1734194275 8,000000 0,200000 27,200000 27,200000 2040,712000
145 1734194274 8,000000 0,200000 25,600000 25,600000 2040,712000
145 1734194273 -8,000000 0,200000 24,000000 24,000000 2040,712000
145 1734194272 -8,000000 0,200000 25,600000 25,600000 2040,712000
145 1734194271 -8,000000 0,200000 27,200000 27,200000 2040,712000
145 1734194270 -8,000000 0,200000 28,800000 28,800000 2040,712000
145 1734194269 -8,000000 0,200000 30,400000 30,400000 2040,712000
145 1734194268 -14,000000 0,200000 32,000000 32,000000 2041,768000
145 1734194267 -14,000000 0,200000 34,800000 34,800000 2041,768000
145 1734194266 -14,000000 0,200000 37,600000 37,600000 2041,768000
145 1734194265 -14,000000 0,200000 40,400000 40,400000 2041,768000
145 1734194264 -14,000000 0,200000 43,200000 43,200000 2041,768000
145 1734194263 2,000000 0,200000 46,000000 46,000000 2040,232000
145 1734194262 2,000000 0,200000 45,600000 45,600000 2040,232000
145 1734194261 2,000000 0,200000 45,200000 45,200000 2040,232000
145 1734194260 2,000000 0,200000 44,800000 44,800000 2040,232000
145 1734194259 2,000000 0,200000 44,400000 44,400000 2040,232000
145 1734194258 10,000000 0,200000 44,000000 44,000000 2041,000000
145 1734194257 10,000000 0,200000 42,000000 42,000000 2041,000000
145 1734194256 10,000000 0,200000 40,000000 40,000000 2041,000000
145 1734194255 10,000000 0,200000 38,000000 38,000000 2041,000000
145 1734194254 10,000000 0,200000 36,000000 36,000000 2041,000000
145 1734194253 0,000000 0,200000 34,000000 34,000000 2040,200000
145 1734194252 0,000000 0,200000 34,000000 34,000000 2040,200000
145 1734194251 0,000000 0,200000 34,000000 34,000000 2040,200000
145 1734194250 0,000000 0,200000 34,000000 34,000000 2040,200000
145 1734194249 0,000000 0,200000 34,000000 34,000000 2040,200000
145 1734194248 0,000000 0,200000 34,000000 34,000000 2040,200000
145 1734194247 0,000000 0,200000 34,000000 34,000000 2040,200000
145 1734194246 0,000000 0,200000 34,000000 34,000000 2040,200000
145 1734194245 0,000000 0,200000 34,000000 34,000000 2040,200000
145 1734194244 0,000000 0,200000 34,000000 34,000000 2040,200000
145 1734194243 -2,000000 0,200000 34,000000 34,000000 2040,232000
145 1734194242 -2,000000 0,200000 34,400000 34,400000 2040,232000
145 1734194241 -2,000000 0,200000 34,800000 34,800000 2040,232000
145 1734194240 -2,000000 0,200000 35,200000 35,200000 2040,232000
145 1734194239 -2,000000 0,200000 35,600000 35,600000 2040,232000
145 1734194238 2,000000 0,200000 36,000000 36,000000 2040,232000
145 1734194237 2,000000 0,200000 35,600000 35,600000 2040,232000
145 1734194236 2,000000 0,200000 35,200000 35,200000 2040,232000
145 1734194235 2,000000 0,200000 34,800000 34,800000 2040,232000
145 1734194234 2,000000 0,200000 34,400000 34,400000 2040,232000
145 1734194233 0,000000 0,200000 34,000000 34,000000 2040,200000
145 1734194232 0,000000 0,200000 34,000000 34,000000 2040,200000
145 1734194231 0,000000 0,200000 34,000000 34,000000 2040,200000
145 1734194230 0,000000 0,200000 34,000000 34,000000 2040,200000
145 1734194229 0,000000 0,200000 34,000000 34,000000 2040,200000
145 1734194228 6,000000 0,200000 34,000000 34,000000 2040,488000
145 1734194227 6,000000 0,200000 32,800000 32,800000 2040,488000
145 1734194226 6,000000 0,200000 31,600000 31,600000 2040,488000
145 1734194225 6,000000 0,200000 30,400000 30,400000 2040,488000
145 1734194224 6,000000 0,200000 29,200000 29,200000 2040,488000
145 1734194223 0,000000 0,200000 28,000000 28,000000 2040,200000
145 1734194223 0,000000 56,400000 28,000000 28,000000 -20,200000
145 1734194224 0,020979 57,200000 29,200000 29,200000 -20,200000
145 1734194225 0,020979 57,200000 30,400000 30,400000 -20,200000
145 1734194226 0,020979 57,200000 31,600000 31,600000 -20,200000
145 1734194227 0,020979 57,200000 32,800000 32,800000 -20,200000
145 1734194228 0,020979 57,200000 34,000000 34,000000 -20,200000
145 1734194229 0,000000 57,200000 34,000000 34,000000 -20,200000
145 1734194230 0,000000 57,200000 34,000000 34,000000 -20,200000
145 1734194231 0,000000 57,200000 34,000000 34,000000 -20,200000
145 1734194232 0,000000 57,200000 34,000000 34,000000 -20,200000
145 1734194233 0,000000 57,200000 34,000000 34,000000 -20,200000
145 1734194234 0,006920 57,800000 34,400000 34,400000 -20,200000
145 1734194235 0,006920 57,800000 34,800000 34,800000 -20,200000
145 1734194236 0,006920 57,800000 35,200000 35,200000 -20,200000
145 1734194237 0,006920 57,800000 35,600000 35,600000 -20,200000
145 1734194238 0,006920 57,800000 36,000000 36,000000 -20,200000
145 1734194239 -0,006803 58,800000 35,600000 35,600000 -20,200000
145 1734194240 -0,006803 58,800000 35,200000 35,200000 -20,200000
145 1734194241 -0,006803 58,800000 34,800000 34,800000 -20,200000
145 1734194242 -0,006803 58,800000 34,400000 34,400000 -20,200000
145 1734194243 -0,006803 58,800000 34,000000 34,000000 -20,200000
145 1734194244 0,000000 58,800000 34,000000 34,000000 -20,200000
145 1734194245 0,000000 58,800000 34,000000 34,000000 -20,200000
145 1734194246 0,000000 58,800000 34,000000 34,000000 -20,200000
145 1734194247 0,000000 58,800000 34,000000 34,000000 -20,200000
145 1734194248 0,000000 58,800000 34,000000 34,000000 -20,200000
145 1734194249 0,000000 58,800000 34,000000 34,000000 -20,200000
145 1734194250 0,000000 58,800000 34,000000 34,000000 -20,200000
145 1734194251 0,000000 58,800000 34,000000 34,000000 -20,200000
145 1734194252 0,000000 58,800000 34,000000 34,000000 -20,200000
145 1734194253 0,000000 58,800000 34,000000 34,000000 -20,200000
145 1734194254 0,033445 59,800000 36,000000 36,000000 -20,200000
145 1734194255 0,033445 59,800000 38,000000 38,000000 -20,200000
145 1734194256 0,033445 59,800000 40,000000 40,000000 -20,200000
145 1734194257 0,033445 59,800000 42,000000 42,000000 -20,200000
145 1734194258 0,033445 59,800000 44,000000 44,000000 -20,200000
145 1734194259 0,006623 60,400000 44,400000 44,400000 -20,200000
145 1734194260 0,006623 60,400000 44,800000 44,800000 -20,200000
145 1734194261 0,006623 60,400000 45,200000 45,200000 -20,200000
145 1734194262 0,006623 60,400000 45,600000 45,600000 -20,200000
145 1734194263 0,006623 60,400000 46,000000 46,000000 -20,200000
145 1734194264 -0,045752 61,200000 43,200000 43,200000 -20,200000
145 1734194265 -0,045752 61,200000 40,400000 40,400000 -20,200000
145 1734194266 -0,045752 61,200000 37,600000 37,600000 -20,200000
145 1734194267 -0,045752 61,200000 34,800000 34,800000 -20,200000
145 1734194268 -0,045752 61,200000 32,000000 32,000000 -20,200000
145 1734194269 -0,025890 61,800000 30,400000 30,400000 -20,200000
145 1734194270 -0,025890 61,800000 28,800000 28,800000 -20,200000
145 1734194271 -0,025890 61,800000 27,200000 27,200000 -20,200000
145 1734194272 -0,025890 61,800000 25,600000 25,600000 -20,200000
145 1734194273 -0,025890 61,800000 24,000000 24,000000 -20,200000
145 1734194274 0,025559 62,600000 25,600000 25,600000 -20,200000
145 1734194275 0,025559 62,600000 27,200000 27,200000 -20,200000
145 1734194276 0,025559 62,600000 28,800000 28,800000 -20,200000
145 1734194277 0,025559 62,600000 30,400000 30,400000 -20,200000
145 1734194278 0,025559 62,600000 32,000000 32,000000 -20,200000
145 1734194279 0,006369 62,800000 32,400000 32,400000 -20,200000
145 1734194280 0,006369 62,800000 32,800000 32,800000 -20,200000
145 1734194281 0,006369 62,800000 33,200000 33,200000 -20,200000
145 1734194282 0,006369 62,800000 33,600000 33,600000 -20,200000
145 1734194283 0,006369 62,800000 34,000000 34,000000 -20,200000
145 1734194284 0,000000 62,800000 34,000000 34,000000 -20,200000
145 1734194285 0,000000 62,800000 34,000000 34,000000 -20,200000
145 1734194286 0,000000 62,800000 34,000000 34,000000 -20,200000
145 1734194287 0,000000 62,800000 34,000000 34,000000 -20,200000
145 1734194288 0,000000 62,800000 34,000000 34,000000 -20,200000
145 1734194289 0,000000 62,800000 34,000000 34,000000 -20,200000
145 1734194290 0,000000 62,800000 34,000000 34,000000 -20,200000
145 1734194291 0,000000 62,800000 34,000000 34,000000 -20,200000
145 1734194292 0,000000 62,800000 34,000000 34,000000 -20,200000
145 1734194293 0,000000 62,800000 34,000000 34,000000 -20,200000
145 1734194294 0,012658 63,200000 34,800000 34,800000 -20,200000
145 1734194295 0,012658 63,200000 35,600000 35,600000 -20,200000
145 1734194296 0,012658 63,200000 36,400000 36,400000 -20,200000
145 1734194297 0,012658 63,200000 37,200000 37,200000 -20,200000
145 1734194298 0,012658 63,200000 38,000000 38,000000 -20,200000
145 1734194299 -0,009317 64,400000 37,400000 37,400000 -20,200000
145 1734194300 -0,009317 64,400000 36,800000 36,800000 -20,200000
145 1734194301 -0,009317 64,400000 36,200000 36,200000 -20,200000
145 1734194302 -0,009317 64,400000 35,600000 35,600000 -20,200000
145 1734194303 -0,009317 64,400000 35,000000 35,000000 -20,200000
145 1734194304 0,006154 65,000000 35,400000 35,400000 -20,200000
145 1734194305 0,006154 65,000000 35,800000 35,800000 -20,200000
145 1734194306 0,006154 65,000000 36,200000 36,200000 -20,200000
145 1734194307 0,006154 65,000000 36,600000 36,600000 -20,200000
145 1734194308 0,006154 65,000000 37,000000 37,000000 -20,200000
145 1734194309 -0,012232 65,400000 36,200000 36,200000 -20,200000
145 1734194310 -0,012232 65,400000 35,400000 35,400000 -20,200000
145 1734194311 -0,012232 65,400000 34,600000 34,600000 -20,200000
145 1734194312 -0,012232 65,400000 33,800000 33,800000 -20,200000
145 1734194313 -0,012232 65,400000 33,000000 33,000000 -20,200000
145 1734194314 -0,012121 66,000000 32,200000 32,200000 -20,200000
145 1734194315 -0,012121 66,000000 31,400000 31,400000 -20,200000
145 1734194316 -0,012121 66,000000 30,600000 30,600000 -20,200000
145 1734194317 -0,012121 66,000000 29,800000 29,800000 -20,200000
145 1734194318 -0,012121 66,000000 29,000000 29,000000 -20,200000
145 1734194319 0,000000 66,000000 29,000000 29,000000 -20,200000
145 1734194320 0,000000 66,000000 29,000000 29,000000 -20,200000
145 1734194321 0,000000 66,000000 29,000000 29,000000 -20,200000
145 1734194322 0,000000 66,000000 29,000000 29,000000 -20,200000
145 1734194323 0,000000 66,000000 29,000000 29,000000 -20,200000
145 1734194324 0,029762 67,200000 31,000000 31,000000 -20,200000
145 1734194325 0,029762 67,200000 33,000000 33,000000 -20,200000
145 1734194326 0,029762 67,200000 35,000000 35,000000 -20,200000
145 1734194327 0,029762 67,200000 37,000000 37,000000 -20,200000
145 1734194328 0,029762 67,200000 39,000000 39,000000 -20,200000
145 1734194329 0,000000 67,200000 39,000000 39,000000 -20,200000
145 1734194330 0,000000 67,200000 39,000000 39,000000 -20,200000
145 1734194331 0,000000 67,200000 39,000000 39,000000 -20,200000
145 1734194332 0,000000 67,200000 39,000000 39,000000 -20,200000
145 1734194333 0,000000 67,200000 39,000000 39,000000 -20,200000
145 1734194334 -0,017647 68,000000 37,800000 37,800000 -20,200000
145 1734194335 -0,017647 68,000000 36,600000 36,600000 -20,200000
145 1734194336 -0,017647 68,000000 35,400000 35,400000 -20,200000
145 1734194337 -0,017647 68,000000 34,200000 34,200000 -20,200000
145 1734194338 -0,017647 68,000000 33,000000 33,000000 -20,200000
145 1734194339 0,005831 68,600000 33,400000 33,400000 -20,200000
145 1734194340 0,005831 68,600000 33,800000 33,800000 -20,200000
145 1734194341 0,005831 68,600000 34,200000 34,200000 -20,200000
145 1734194342 0,005831 68,600000 34,600000 34,600000 -20,200000
145 1734194343 0,005831 68,600000 35,000000 35,000000 -20,200000
145 1734194344 0,005764 69,400000 35,400000 35,400000 -20,200000
145 1734194345 0,005764 69,400000 35,800000 35,800000 -20,200000
145 1734194346 0,005764 69,400000 36,200000 36,200000 -20,200000
145 1734194347 0,005764 69,400000 36,600000 36,600000 -20,200000
145 1734194348 0,005764 69,400000 37,000000 37,000000 -20,200000
145 1734194349 -0,011429 70,000000 36,200000 36,200000 -20,200000
145 1734194350 -0,011429 70,000000 35,400000 35,400000 -20,200000
145 1734194351 -0,011429 70,000000 34,600000 34,600000 -20,200000
145 1734194352 -0,011429 70,000000 33,800000 33,800000 -20,200000
145 1734194353 -0,011429 70,000000 33,000000 33,000000 -20,200000
145 1734194354 0,014124 70,800000 34,000000 34,000000 -20,200000
145 1734194355 0,014124 70,800000 35,000000 35,000000 -20,200000
145 1734194356 0,014124 70,800000 36,000000 36,000000 -20,200000
145 1734194357 0,014124 70,800000 37,000000 37,000000 -20,200000
145 1734194358 0,014124 70,800000 38,000000 38,000000 -20,200000
145 1734194359 -0,008380 71,600000 37,400000 37,400000 -20,200000
145 1734194360 -0,008380 71,600000 36,800000 36,800000 -20,200000
145 1734194361 -0,008380 71,600000 36,200000 36,200000 -20,200000
145 1734194362 -0,008380 71,600000 35,600000 35,600000 -20,200000
145 1734194363 -0,008380 71,600000 35,000000 35,000000 -20,200000
145 1734194364 0,000000 71,600000 35,000000 35,000000 -20,200000
145 1734194365 0,000000 71,600000 35,000000 35,000000 -20,200000
145 1734194366 0,000000 71,600000 35,000000 35,000000 -20,200000
145 1734194367 0,000000 71,600000 35,000000 35,000000 -20,200000
145 1734194368 0,000000 71,600000 35,000000 35,000000 -20,200000
145 1734194369 0,000000 71,600000 35,000000 35,000000 -20,200000
145 1734194370 0,000000 71,600000 35,000000 35,000000 -20,200000
145 1734194371 0,000000 71,600000 35,000000 35,000000 -20,200000
145 1734194372 0,000000 71,600000 35,000000 35,000000 -20,200000
145 1734194373 0,000000 71,600000 35,000000 35,000000 -20,200000
145 1734194374 0,000000 71,600000 35,000000 35,000000 -20,200000
145 1734194375 0,000000 71,600000 35,000000 35,000000 -20,200000
145 1734194376 0,000000 71,600000 35,000000 35,000000 -20,200000
145 1734194377 0,000000 71,600000 35,000000 35,000000 -20,200000
145 1734194378 0,000000 71,600000 35,000000 35,000000 -20,200000
145 1734194379 -0,005571 71,800000 34,600000 34,600000 -20,200000
145 1734194380 -0,005571 71,800000 34,200000 34,200000 -20,200000
145 1734194381 -0,005571 71,800000 33,800000 33,800000 -20,200000
145 1734194382 -0,005571 71,800000 33,400000 33,400000 -20,200000
145 1734194383 -0,005571 71,800000 33,000000 33,000000 -20,200000
145 1734194384 0,005556 72,000000 33,400000 33,400000 -20,200000
145 1734194385 0,005556 72,000000 33,800000 33,800000 -20,200000
145 1734194386 0,005556 72,000000 34,200000 34,200000 -20,200000
145 1734194387 0,005556 72,000000 34,600000 34,600000 -20,200000
145 1734194388 0,005556 72,000000 35,000000 35,000000 -20,200000
145 1734194389 0,000000 72,000000 35,000000 35,000000 -20,200000
145 1734194390 0,000000 72,000000 35,000000 35,000000 -20,200000
145 1734194391 0,000000 72,000000 35,000000 35,000000 -20,200000
145 1734194392 0,000000 72,000000 35,000000 35,000000 -20,200000
145 1734194393 0,000000 72,000000 35,000000 35,000000 -20,200000
145 1734194394 0,016529 72,600000 36,200000 36,200000 -20,200000
145 1734194395 0,016529 72,600000 37,400000 37,400000 -20,200000
145 1734194396 0,016529 72,600000 38,600000 38,600000 -20,200000
145 1734194397 0,016529 72,600000 39,800000 39,800000 -20,200000
145 1734194398 0,016529 72,600000 41,000000 41,000000 -20,200000
145 1734194399 -0,005464 73,200000 40,600000 40,600000 -20,200000
145 1734194400 -0,005464 73,200000 40,200000 40,200000 -20,200000
145 1734194401 -0,005464 73,200000 39,800000 39,800000 -20,200000
145 1734194402 -0,005464 73,200000 39,400000 39,400000 -20,200000
145 1734194403 -0,005464 73,200000 39,000000 39,000000 -20,200000
145 1734194404 -0,016216 74,000000 37,800000 37,800000 -20,200000
145 1734194405 -0,016216 74,000000 36,600000 36,600000 -20,200000
145 1734194406 -0,016216 74,000000 35,400000 35,400000 -20,200000
145 1734194407 -0,016216 74,000000 34,200000 34,200000 -20,200000
145 1734194408 -0,016216 74,000000 33,000000 33,000000 -20,200000
145 1734194409 -0,010753 74,400000 32,200000 32,200000 -20,200000
145 1734194410 -0,010753 74,400000 31,400000 31,400000 -20,200000
145 1734194411 -0,010753 74,400000 30,600000 30,600000 -20,200000
145 1734194412 -0,010753 74,400000 29,800000 29,800000 -20,200000
145 1734194413 -0,010753 74,400000 29,000000 29,000000 -20,200000
145 1734194414 0,013123 76,200000 30,000000 30,000000 -20,200000
145 1734194415 0,013123 76,200000 31,000000 31,000000 -20,200000
145 1734194416 0,013123 76,200000 32,000000 32,000000 -20,200000
145 1734194417 0,013123 76,200000 33,000000 33,000000 -20,200000
145 1734194418 0,013123 76,200000 34,000000 34,000000 -20,200000
145 1734194419 0,007732 77,600000 34,600000 34,600000 -20,200000
145 1734194420 0,007732 77,600000 35,200000 35,200000 -20,200000
145 1734194421 0,007732 77,600000 35,800000 35,800000 -20,200000
145 1734194422 0,007732 77,600000 36,400000 36,400000 -20,200000
145 1734194423 0,007732 77,600000 37,000000 37,000000 -20,200000
145 1734194424 0,005076 78,800000 37,400000 37,400000 -20,200000
145 1734194425 0,005076 78,800000 37,800000 37,800000 -20,200000
145 1734194426 0,005076 78,800000 38,200000 38,200000 -20,200000
145 1734194427 0,005076 78,800000 38,600000 38,600000 -20,200000
145 1734194428 0,005076 78,800000 39,000000 39,000000 -20,200000
145 1734194429 -0,010101 79,200000 38,200000 38,200000 -20,200000
145 1734194430 -0,010101 79,200000 37,400000 37,400000 -20,200000
145 1734194431 -0,010101 79,200000 36,600000 36,600000 -20,200000
145 1734194432 -0,010101 79,200000 35,800000 35,800000 -20,200000
145 1734194433 -0,010101 79,200000 35,000000 35,000000 -20,200000
145 1734194434 0,000000 79,800000 35,000000 35,000000 -20,200000
145 1734194435 0,000000 79,800000 35,000000 35,000000 -20,200000
145 1734194436 0,000000 79,800000 35,000000 35,000000 -20,200000
145 1734194437 0,000000 79,800000 35,000000 35,000000 -20,200000
145 1734194438 0,000000 79,800000 35,000000 35,000000 -20,200000
145 1734194439 0,000000 79,800000 35,000000 35,000000 -20,200000
145 1734194440 0,000000 79,800000 35,000000 35,000000 -20,200000
145 1734194441 0,000000 79,800000 35,000000 35,000000 -20,200000
145 1734194442 0,000000 79,800000 35,000000 35,000000 -20,200000
145 1734194443 0,000000 79,800000 35,000000 35,000000 -20,200000
145 1734194444 0,000000 79,800000 35,000000 35,000000 -20,200000
145 1734194445 0,000000 79,800000 35,000000 35,000000 -20,200000
145 1734194446 0,000000 79,800000 35,000000 35,000000 -20,200000
145 1734194447 0,000000 79,800000 35,000000 35,000000 -20,200000
145 1734194448 0,000000 79,800000 35,000000 35,000000 -20,200000
145 1734194449 -0,005000 80,000000 34,600000 34,600000 -20,200000
145 1734194450 -0,005000 80,000000 34,200000 34,200000 -20,200000
145 1734194451 -0,005000 80,000000 33,800000 33,800000 -20,200000
145 1734194452 -0,005000 80,000000 33,400000 33,400000 -20,200000
145 1734194453 -0,005000 80,000000 33,000000 33,000000 -20,200000
145 1734194454 0,000000 80,000000 33,000000 33,000000 -20,200000
145 1734194455 0,000000 80,000000 33,000000 33,000000 -20,200000
145 1734194456 0,000000 80,000000 33,000000 33,000000 -20,200000
145 1734194457 0,000000 80,000000 33,000000 33,000000 -20,200000
145 1734194458 0,000000 80,000000 33,000000 33,000000 -20,200000
145 1734194459 0,004988 80,200000 33,400000 33,400000 -20,200000
145 1734194460 0,004988 80,200000 33,800000 33,800000 -20,200000
145 1734194461 0,004988 80,200000 34,200000 34,200000 -20,200000
145 1734194462 0,004988 80,200000 34,600000 34,600000 -20,200000
145 1734194463 0,004988 80,200000 35,000000 35,000000 -20,200000
145 1734194464 0,009926 80,600000 35,800000 35,800000 -20,200000
145 1734194465 0,009926 80,600000 36,600000 36,600000 -20,200000
145 1734194466 0,009926 80,600000 37,400000 37,400000 -20,200000
145 1734194467 0,009926 80,600000 38,200000 38,200000 -20,200000
145 1734194468 0,009926 80,600000 39,000000 39,000000 -20,200000
145 1734194469 0,000000 80,600000 39,000000 39,000000 -20,200000
145 1734194470 0,000000 80,600000 39,000000 39,000000 -20,200000
145 1734194471 0,000000 80,600000 39,000000 39,000000 -20,200000
145 1734194472 0,000000 80,600000 39,000000 39,000000 -20,200000
145 1734194473 0,000000 80,600000 39,000000 39,000000 -20,200000
145 1734194474 -0,017199 81,400000 37,600000 37,600000 -20,200000
145 1734194475 -0,017199 81,400000 36,200000 36,200000 -20,200000
145 1734194476 -0,017199 81,400000 34,800000 34,800000 -20,200000
145 1734194477 -0,017199 81,400000 33,400000 33,400000 -20,200000
145 1734194478 -0,017199 81,400000 32,000000 32,000000 -20,200000
145 1734194479 -0,007299 82,200000 31,400000 31,400000 -20,200000
145 1734194480 -0,007299 82,200000 30,800000 30,800000 -20,200000
145 1734194481 -0,007299 82,200000 30,200000 30,200000 -20,200000
145 1734194482 -0,007299 82,200000 29,600000 29,600000 -20,200000
145 1734194483 -0,007299 82,200000 29,000000 29,000000 -20,200000
145 1734194484 0,009662 82,800000 29,800000 29,800000 -20,200000
145 1734194485 0,009662 82,800000 30,600000 30,600000 -20,200000
145 1734194486 0,009662 82,800000 31,400000 31,400000 -20,200000
145 1734194487 0,009662 82,800000 32,200000 32,200000 -20,200000
145 1734194488 0,009662 82,800000 33,000000 33,000000 -20,200000
145 1734194489 0,000000 82,800000 33,000000 33,000000 -20,200000
145 1734194490 0,000000 82,800000 33,000000 33,000000 -20,200000
145 1734194491 0,000000 82,800000 33,000000 33,000000 -20,200000
145 1734194492 0,000000 82,800000 33,000000 33,000000 -20,200000
145 1734194493 0,000000 82,800000 33,000000 33,000000 -20,200000
145 1734194494 0,014388 83,400000 34,200000 34,200000 -20,200000
145 1734194495 0,014388 83,400000 35,400000 35,400000 -20,200000
145 1734194496 0,014388 83,400000 36,600000 36,600000 -20,200000
145 1734194497 0,014388 83,400000 37,800000 37,800000 -20,200000
145 1734194498 0,014388 83,400000 39,000000 39,000000 -20,200000
145 1734194499 0,009501 84,200000 39,800000 39,800000 -20,200000
145 1734194500 0,009501 84,200000 40,600000 40,600000 -20,200000
145 1734194501 0,009501 84,200000 41,400000 41,400000 -20,200000
145 1734194502 0,009501 84,200000 42,200000 42,200000 -20,200000
145 1734194503 0,009501 84,200000 43,000000 43,000000 -20,200000
145 1734194504 0,000000 85,000000 43,000000 43,000000 -20,200000
145 1734194505 0,000000 85,000000 43,000000 43,000000 -20,200000
145 1734194506 0,000000 85,000000 43,000000 43,000000 -20,200000
145 1734194507 0,000000 85,000000 43,000000 43,000000 -20,200000
145 1734194508 0,000000 85,000000 43,000000 43,000000 -20,200000
145 1734194509 -0,018648 85,800000 41,400000 41,400000 -20,200000
145 1734194510 -0,018648 85,800000 39,800000 39,800000 -20,200000
145 1734194511 -0,018648 85,800000 38,200000 38,200000 -20,200000
145 1734194512 -0,018648 85,800000 36,600000 36,600000 -20,200000
145 1734194513 -0,018648 85,800000 35,000000 35,000000 -20,200000
145 1734194514 -0,009217 86,800000 34,200000 34,200000 -20,200000
145 1734194515 -0,009217 86,800000 33,400000 33,400000 -20,200000
145 1734194516 -0,009217 86,800000 32,600000 32,600000 -20,200000
145 1734194517 -0,009217 86,800000 31,800000 31,800000 -20,200000
145 1734194518 -0,009217 86,800000 31,000000 31,000000 -20,200000
145 1734194519 -0,006881 87,200000 30,400000 30,400000 -20,200000
145 1734194520 -0,006881 87,200000 29,800000 29,800000 -20,200000
145 1734194521 -0,006881 87,200000 29,200000 29,200000 -20,200000
145 1734194522 -0,006881 87,200000 28,600000 28,600000 -20,200000
145 1734194523 -0,006881 87,200000 28,000000 28,000000 -20,200000
145 1734194524 0,011364 88,000000 29,000000 29,000000 -20,200000
145 1734194525 0,011364 88,000000 30,000000 30,000000 -20,200000
145 1734194526 0,011364 88,000000 31,000000 31,000000 -20,200000
145 1734194527 0,011364 88,000000 32,000000 32,000000 -20,200000
145 1734194528 0,011364 88,000000 33,000000 33,000000 -20,200000
145 1734194529 0,004535 88,200000 33,400000 33,400000 -20,200000
145 1734194530 0,004535 88,200000 33,800000 33,800000 -20,200000
145 1734194531 0,004535 88,200000 34,200000 34,200000 -20,200000
145 1734194532 0,004535 88,200000 34,600000 34,600000 -20,200000
145 1734194533 0,004535 88,200000 35,000000 35,000000 -20,200000
145 1734194534 0,020179 89,200000 36,800000 36,800000 -20,200000
145 1734194535 0,020179 89,200000 38,600000 38,600000 -20,200000
145 1734194536 0,020179 89,200000 40,400000 40,400000 -20,200000
145 1734194537 0,020179 89,200000 42,200000 42,200000 -20,200000
145 1734194538 0,020179 89,200000 44,000000 44,000000 -20,200000
145 1734194539 -0,011086 90,200000 43,000000 43,000000 -20,200000
145 1734194540 -0,011086 90,200000 42,000000 42,000000 -20,200000
145 1734194541 -0,011086 90,200000 41,000000 41,000000 -20,200000
145 1734194542 -0,011086 90,200000 40,000000 40,000000 -20,200000
145 1734194543 -0,011086 90,200000 39,000000 39,000000 -20,200000
145 1734194544 -0,022075 90,600000 37,000000 37,000000 -20,200000
145 1734194545 -0,022075 90,600000 35,000000 35,000000 -20,200000
145 1734194546 -0,022075 90,600000 33,000000 33,000000 -20,200000
145 1734194547 -0,022075 90,600000 31,000000 31,000000 -20,200000
145 1734194548 -0,022075 90,600000 29,000000 29,000000 -20,200000
145 1734194549 0,000000 90,600000 29,000000 29,000000 -20,200000
145 1734194550 0,000000 90,600000 29,000000 29,000000 -20,200000
145 1734194551 0,000000 90,600000 29,000000 29,000000 -20,200000
145 1734194552 0,000000 90,600000 29,000000 29,000000 -20,200000
145 1734194553 0,000000 90,600000 29,000000 29,000000 -20,200000
145 1734194554 0,013187 91,000000 30,200000 30,200000 -20,200000
145 1734194555 0,013187 91,000000 31,400000 31,400000 -20,200000
145 1734194556 0,013187 91,000000 32,600000 32,600000 -20,200000
145 1734194557 0,013187 91,000000 33,800000 33,800000 -20,200000
145 1734194558 0,013187 91,000000 35,000000 35,000000 -20,200000
145 1734194559 -0,004386 91,200000 34,600000 34,600000 -20,200000
145 1734194560 -0,004386 91,200000 34,200000 34,200000 -20,200000
145 1734194561 -0,004386 91,200000 33,800000 33,800000 -20,200000
145 1734194562 -0,004386 91,200000 33,400000 33,400000 -20,200000
145 1734194563 -0,004386 91,200000 33,000000 33,000000 -20,200000
145 1734194564 0,004376 91,400000 33,400000 33,400000 -20,200000
145 1734194565 0,004376 91,400000 33,800000 33,800000 -20,200000
145 1734194566 0,004376 91,400000 34,200000 34,200000 -20,200000
145 1734194567 0,004376 91,400000 34,600000 34,600000 -20,200000
145 1734194568 0,004376 91,400000 35,000000 35,000000 -20,200000
145 1734194569 0,000000 91,400000 35,000000 35,000000 -20,200000
145 1734194570 0,000000 91,400000 35,000000 35,000000 -20,200000
145 1734194571 0,000000 91,400000 35,000000 35,000000 -20,200000
145 1734194572 0,000000 91,400000 35,000000 35,000000 -20,200000
145 1734194573 0,000000 91,400000 35,000000 35,000000 -20,200000
145 1734194574 0,008715 91,800000 35,800000 35,800000 -20,200000
145 1734194575 0,008715 91,800000 36,600000 36,600000 -20,200000
145 1734194576 0,008715 91,800000 37,400000 37,400000 -20,200000
145 1734194577 0,008715 91,800000 38,200000 38,200000 -20,200000
145 1734194578 0,008715 91,800000 39,000000 39,000000 -20,200000
145 1734194579 0,008677 92,200000 39,800000 39,800000 -20,200000
145 1734194580 0,008677 92,200000 40,600000 40,600000 -20,200000
145 1734194581 0,008677 92,200000 41,400000 41,400000 -20,200000
145 1734194582 0,008677 92,200000 42,200000 42,200000 -20,200000
145 1734194583 0,008677 92,200000 43,000000 43,000000 -20,200000
145 1734194584 -0,008639 92,600000 42,200000 42,200000 -20,200000
145 1734194585 -0,008639 92,600000 41,400000 41,400000 -20,200000
145 1734194586 -0,008639 92,600000 40,600000 40,600000 -20,200000
145 1734194587 -0,008639 92,600000 39,800000 39,800000 -20,200000
145 1734194588 -0,008639 92,600000 39,000000 39,000000 -20,200000
145 1734194589 -0,012903 93,000000 37,800000 37,800000 -20,200000
145 1734194590 -0,012903 93,000000 36,600000 36,600000 -20,200000
145 1734194591 -0,012903 93,000000 35,400000 35,400000 -20,200000
145 1734194592 -0,012903 93,000000 34,200000 34,200000 -20,200000
145 1734194593 -0,012903 93,000000 33,000000 33,000000 -20,200000
145 1734194594 0,006383 94,000000 33,600000 33,600000 -20,200000
145 1734194595 0,006383 94,000000 34,200000 34,200000 -20,200000
145 1734194596 0,006383 94,000000 34,800000 34,800000 -20,200000
145 1734194597 0,006383 94,000000 35,400000 35,400000 -20,200000
145 1734194598 0,006383 94,000000 36,000000 36,000000 -20,200000
145 1734194599 -0,004211 95,000000 35,600000 35,600000 -20,200000
145 1734194600 -0,004211 95,000000 35,200000 35,200000 -20,200000
145 1734194601 -0,004211 95,000000 34,800000 34,800000 -20,200000
145 1734194602 -0,004211 95,000000 34,400000 34,400000 -20,200000
145 1734194603 -0,004211 95,000000 34,000000 34,000000 -20,200000
145 1734194604 0,008351 95,800000 34,800000 34,800000 -20,200000
145 1734194605 0,008351 95,800000 35,600000 35,600000 -20,200000
145 1734194606 0,008351 95,800000 36,400000 36,400000 -20,200000
145 1734194607 0,008351 95,800000 37,200000 37,200000 -20,200000
145 1734194608 0,008351 95,800000 38,000000 38,000000 -20,200000
145 1734194609 0,008316 96,200000 38,800000 38,800000 -20,200000
145 1734194610 0,008316 96,200000 39,600000 39,600000 -20,200000
145 1734194611 0,008316 96,200000 40,400000 40,400000 -20,200000
145 1734194612 0,008316 96,200000 41,200000 41,200000 -20,200000
145 1734194613 0,008316 96,200000 42,000000 42,000000 -20,200000
145 1734194614 -0,028866 97,000000 39,200000 39,200000 -20,200000
145 1734194615 -0,028866 97,000000 36,400000 36,400000 -20,200000
145 1734194616 -0,028866 97,000000 33,600000 33,600000 -20,200000
145 1734194617 -0,028866 97,000000 30,800000 30,800000 -20,200000
145 1734194618 -0,028866 97,000000 28,000000 28,000000 -20,200000
145 1734194619 -0,012320 97,400000 26,800000 26,800000 -20,200000
145 1734194620 -0,012320 97,400000 25,600000 25,600000 -20,200000
145 1734194621 -0,012320 97,400000 24,400000 24,400000 -20,200000
145 1734194622 -0,012320 97,400000 23,200000 23,200000 -20,200000
145 1734194623 -0,012320 97,400000 22,000000 22,000000 -20,200000
145 1734194624 0,012270 97,800000 23,200000 23,200000 -20,200000
145 1734194625 0,012270 97,800000 24,400000 24,400000 -20,200000
145 1734194626 0,012270 97,800000 25,600000 25,600000 -20,200000
145 1734194627 0,012270 97,800000 26,800000 26,800000 -20,200000
145 1734194628 0,012270 97,800000 28,000000 28,000000 -20,200000
145 1734194629 0,008097 98,800000 28,800000 28,800000 -20,200000
145 1734194630 0,008097 98,800000 29,600000 29,600000 -20,200000
145 1734194631 0,008097 98,800000 30,400000 30,400000 -20,200000
145 1734194632 0,008097 98,800000 31,200000 31,200000 -20,200000
145 1734194633 0,008097 98,800000 32,000000 32,000000 -20,200000
145 1734194634 0,000000 98,800000 32,000000 32,000000 -20,200000
145 1734194635 0,000000 98,800000 32,000000 32,000000 -20,200000
145 1734194636 0,000000 98,800000 32,000000 32,000000 -20,200000
145 1734194637 0,000000 98,800000 32,000000 32,000000 -20,200000
145 1734194638 0,000000 98,800000 32,000000 32,000000 -20,200000
145 1734194639 0,004040 99,000000 32,400000 32,400000 -20,200000
145 1734194640 0,004040 99,000000 32,800000 32,800000 -20,200000
145 1734194641 0,004040 99,000000 33,200000 33,200000 -20,200000
145 1734194642 0,004040 99,000000 33,600000 33,600000 -20,200000
145 1734194643 0,004040 99,000000 34,000000 34,000000 -20,200000
145 1734194644 0,000000 99,000000 34,000000 34,000000 -20,200000
145 1734194645 0,000000 99,000000 34,000000 34,000000 -20,200000
145 1734194646 0,000000 99,000000 34,000000 34,000000 -20,200000
145 1734194647 0,000000 99,000000 34,000000 34,000000 -20,200000
145 1734194648 0,000000 99,000000 34,000000 34,000000 -20,200000
145 1734194649 0,000000 99,000000 34,000000 34,000000 -20,200000
145 1734194650 0,000000 99,000000 34,000000 34,000000 -20,200000
145 1734194651 0,000000 99,000000 34,000000 34,000000 -20,200000
145 1734194652 0,000000 99,000000 34,000000 34,000000 -20,200000
145 1734194653 0,000000 99,000000 34,000000 34,000000 -20,200000
145 1734194654 0,016032 99,800000 35,600000 35,600000 -20,200000
145 1734194655 0,016032 99,800000 37,200000 37,200000 -20,200000
145 1734194656 0,016032 99,800000 38,800000 38,800000 -20,200000
145 1734194657 0,016032 99,800000 40,400000 40,400000 -20,200000
145 1734194658 0,016032 99,800000 42,000000 42,000000 -20,200000
145 1734194659 0,003960 101,000000 42,400000 42,400000 -20,200000
145 1734194660 0,003960 101,000000 42,800000 42,800000 -20,200000
145 1734194661 0,003960 101,000000 43,200000 43,200000 -20,200000
145 1734194662 0,003960 101,000000 43,600000 43,600000 -20,200000
145 1734194663 0,003960 101,000000 44,000000 44,000000 -20,200000
145 1734194664 -0,011811 101,600000 42,800000 42,800000 -20,200000
145 1734194665 -0,011811 101,600000 41,600000 41,600000 -20,200000
145 1734194666 -0,011811 101,600000 40,400000 40,400000 -20,200000
145 1734194667 -0,011811 101,600000 39,200000 39,200000 -20,200000
145 1734194668 -0,011811 101,600000 38,000000 38,000000 -20,200000
145 1734194669 -0,011765 102,000000 36,800000 36,800000 -20,200000
145 1734194670 -0,011765 102,000000 35,600000 35,600000 -20,200000
145 1734194671 -0,011765 102,000000 34,400000 34,400000 -20,200000
145 1734194672 -0,011765 102,000000 33,200000 33,200000 -20,200000
145 1734194673 -0,011765 102,000000 32,000000 32,000000 -20,200000
145 1734194674 0,019380 103,200000 34,000000 34,000000 -20,200000
145 1734194675 0,019380 103,200000 36,000000 36,000000 -20,200000
145 1734194676 0,019380 103,200000 38,000000 38,000000 -20,200000
145 1734194677 0,019380 103,200000 40,000000 40,000000 -20,200000
145 1734194678 0,019380 103,200000 42,000000 42,000000 -20,200000
145 1734194679 -0,003868 103,400000 41,600000 41,600000 -20,200000
145 1734194680 -0,003868 103,400000 41,200000 41,200000 -20,200000
145 1734194681 -0,003868 103,400000 40,800000 40,800000 -20,200000
145 1734194682 -0,003868 103,400000 40,400000 40,400000 -20,200000
145 1734194683 -0,003868 103,400000 40,000000 40,000000 -20,200000
145 1734194684 -0,019268 103,800000 38,000000 38,000000 -20,200000
145 1734194685 -0,019268 103,800000 36,000000 36,000000 -20,200000
145 1734194686 -0,019268 103,800000 34,000000 34,000000 -20,200000
145 1734194687 -0,019268 103,800000 32,000000 32,000000 -20,200000
145 1734194688 -0,019268 103,800000 30,000000 30,000000 -20,200000
145 1734194689 0,000000 103,800000 30,000000 30,000000 -20,200000
145 1734194690 0,000000 103,800000 30,000000 30,000000 -20,200000
145 1734194691 0,000000 103,800000 30,000000 30,000000 -20,200000
145 1734194692 0,000000 103,800000 30,000000 30,000000 -20,200000
145 1734194693 0,000000 103,800000 30,000000 30,000000 -20,200000
145 1734194694 0,011516 104,200000 31,200000 31,200000 -20,200000
145 1734194695 0,011516 104,200000 32,400000 32,400000 -20,200000
145 1734194696 0,011516 104,200000 33,600000 33,600000 -20,200000
145 1734194697 0,011516 104,200000 34,800000 34,800000 -20,200000
145 1734194698 0,011516 104,200000 36,000000 36,000000 -20,200000
145 1734194699 -0,003831 104,400000 35,600000 35,600000 -20,200000
145 1734194700 -0,003831 104,400000 35,200000 35,200000 -20,200000
145 1734194701 -0,003831 104,400000 34,800000 34,800000 -20,200000
145 1734194702 -0,003831 104,400000 34,400000 34,400000 -20,200000
145 1734194703 -0,003831 104,400000 34,000000 34,000000 -20,200000
145 1734194704 0,000000 104,800000 34,000000 34,000000 -20,200000
145 1734194705 0,000000 104,800000 34,000000 34,000000 -20,200000
145 1734194706 0,000000 104,800000 34,000000 34,000000 -20,200000
145 1734194707 0,000000 104,800000 34,000000 34,000000 -20,200000
145 1734194708 0,000000 104,800000 34,000000 34,000000 -20,200000
145 1734194709 0,011385 105,400000 35,200000 35,200000 -20,200000
145 1734194710 0,011385 105,400000 36,400000 36,400000 -20,200000
145 1734194711 0,011385 105,400000 37,600000 37,600000 -20,200000
145 1734194712 0,011385 105,400000 38,800000 38,800000 -20,200000
145 1734194713 0,011385 105,400000 40,000000 40,000000 -20,200000
145 1734194714 -0,003766 106,200000 39,600000 39,600000 -20,200000
145 1734194715 -0,003766 106,200000 39,200000 39,200000 -20,200000
145 1734194716 -0,003766 106,200000 38,800000 38,800000 -20,200000
145 1734194717 -0,003766 106,200000 38,400000 38,400000 -20,200000
145 1734194718 -0,003766 106,200000 38,000000 38,000000 -20,200000
145 1734194719 -0,014898 107,400000 36,400000 36,400000 -20,200000
145 1734194720 -0,014898 107,400000 34,800000 34,800000 -20,200000
145 1734194721 -0,014898 107,400000 33,200000 33,200000 -20,200000
145 1734194722 -0,014898 107,400000 31,600000 31,600000 -20,200000
145 1734194723 -0,014898 107,400000 30,000000 30,000000 -20,200000
145 1734194724 0,000000 107,400000 30,000000 30,000000 -20,200000
145 1734194725 0,000000 107,400000 30,000000 30,000000 -20,200000
145 1734194726 0,000000 107,400000 30,000000 30,000000 -20,200000
145 1734194727 0,000000 107,400000 30,000000 30,000000 -20,200000
145 1734194728 0,000000 107,400000 30,000000 30,000000 -20,200000
145 1734194729 0,011091 108,200000 31,200000 31,200000 -20,200000
145 1734194730 0,011091 108,200000 32,400000 32,400000 -20,200000
145 1734194731 0,011091 108,200000 33,600000 33,600000 -20,200000
145 1734194732 0,011091 108,200000 34,800000 34,800000 -20,200000
145 1734194733 0,011091 108,200000 36,000000 36,000000 -20,200000
145 1734194734 0,007366 108,600000 36,800000 36,800000 -20,200000
145 1734194735 0,007366 108,600000 37,600000 37,600000 -20,200000
145 1734194736 0,007366 108,600000 38,400000 38,400000 -20,200000
145 1734194737 0,007366 108,600000 39,200000 39,200000 -20,200000
145 1734194738 0,007366 108,600000 40,000000 40,000000 -20,200000
145 1734194739 0,003663 109,200000 40,400000 40,400000 -20,200000
145 1734194740 0,003663 109,200000 40,800000 40,800000 -20,200000
145 1734194741 0,003663 109,200000 41,200000 41,200000 -20,200000
145 1734194742 0,003663 109,200000 41,600000 41,600000 -20,200000
145 1734194743 0,003663 109,200000 42,000000 42,000000 -20,200000
145 1734194744 0,003630 110,200000 42,400000 42,400000 -20,200000
145 1734194745 0,003630 110,200000 42,800000 42,800000 -20,200000
145 1734194746 0,003630 110,200000 43,200000 43,200000 -20,200000
145 1734194747 0,003630 110,200000 43,600000 43,600000 -20,200000
145 1734194748 0,003630 110,200000 44,000000 44,000000 -20,200000
145 1734194749 -0,010850 110,600000 42,800000 42,800000 -20,200000
145 1734194750 -0,010850 110,600000 41,600000 41,600000 -20,200000
145 1734194751 -0,010850 110,600000 40,400000 40,400000 -20,200000
145 1734194752 -0,010850 110,600000 39,200000 39,200000 -20,200000
145 1734194753 -0,010850 110,600000 38,000000 38,000000 -20,200000
145 1734194754 -0,014363 111,400000 36,400000 36,400000 -20,200000
145 1734194755 -0,014363 111,400000 34,800000 34,800000 -20,200000
145 1734194756 -0,014363 111,400000 33,200000 33,200000 -20,200000
145 1734194757 -0,014363 111,400000 31,600000 31,600000 -20,200000
145 1734194758 -0,014363 111,400000 30,000000 30,000000 -20,200000
145 1734194759 0,000000 111,400000 30,000000 30,000000 -20,200000
145 1734194760 0,000000 111,400000 30,000000 30,000000 -20,200000
145 1734194761 0,000000 111,400000 30,000000 30,000000 -20,200000
145 1734194762 0,000000 111,400000 30,000000 30,000000 -20,200000
145 1734194763 0,000000 111,400000 30,000000 30,000000 -20,200000
145 1734194764 0,010733 111,800000 31,200000 31,200000 -20,200000
145 1734194765 0,010733 111,800000 32,400000 32,400000 -20,200000
145 1734194766 0,010733 111,800000 33,600000 33,600000 -20,200000
145 1734194767 0,010733 111,800000 34,800000 34,800000 -20,200000
145 1734194768 0,010733 111,800000 36,000000 36,000000 -20,200000
145 1734194769 0,000000 111,800000 36,000000 36,000000 -20,200000
145 1734194770 0,000000 111,800000 36,000000 36,000000 -20,200000
145 1734194771 0,000000 111,800000 36,000000 36,000000 -20,200000
145 1734194772 0,000000 111,800000 36,000000 36,000000 -20,200000
145 1734194773 0,000000 111,800000 36,000000 36,000000 -20,200000
145 1734194774 0,000000 112,400000 36,000000 36,000000 -20,200000
145 1734194775 0,000000 112,400000 36,000000 36,000000 -20,200000
145 1734194776 0,000000 112,400000 36,000000 36,000000 -20,200000
145 1734194777 0,000000 112,400000 36,000000 36,000000 -20,200000
145 1734194778 0,000000 112,400000 36,000000 36,000000 -20,200000
145 1734194779 -0,001764 113,400000 35,800000 35,800000 -20,200000
145 1734194780 -0,001764 113,400000 35,600000 35,600000 -20,200000
145 1734194781 -0,001764 113,400000 35,400000 35,400000 -20,200000
145 1734194782 -0,001764 113,400000 35,200000 35,200000 -20,200000
145 1734194783 -0,001764 113,400000 35,000000 35,000000 -20,200000
145 1734194784 0,000000 113,400000 35,000000 35,000000 -20,200000
145 1734194785 0,000000 113,400000 35,000000 35,000000 -20,200000
145 1734194786 0,000000 113,400000 35,000000 35,000000 -20,200000
145 1734194787 0,000000 113,400000 35,000000 35,000000 -20,200000
145 1734194788 0,000000 113,400000 35,000000 35,000000 -20,200000
145 1734194789 0,000000 113,400000 35,000000 35,000000 -20,200000
145 1734194790 0,000000 113,400000 35,000000 35,000000 -20,200000
145 1734194791 0,000000 113,400000 35,000000 35,000000 -20,200000
145 1734194792 0,000000 113,400000 35,000000 35,000000 -20,200000
145 1734194793 0,000000 113,400000 35,000000 35,000000 -20,200000
145 1734194794 0,000000 113,400000 35,000000 35,000000 -20,200000
145 1734194795 0,000000 113,400000 35,000000 35,000000 -20,200000
145 1734194796 0,000000 113,400000 35,000000 35,000000 -20,200000
145 1734194797 0,000000 113,400000 35,000000 35,000000 -20,200000
145 1734194798 0,000000 113,400000 35,000000 35,000000 -20,200000
145 1734194799 0,000000 113,400000 35,000000 35,000000 -20,200000
145 1734194800 0,000000 113,400000 35,000000 35,000000 -20,200000
145 1734194801 0,000000 113,400000 35,000000 35,000000 -20,200000
145 1734194802 0,000000 113,400000 35,000000 35,000000 -20,200000
145 1734194803 0,000000 113,400000 35,000000 35,000000 -20,200000
145 1734194804 0,000000 113,800000 35,000000 35,000000 -20,200000
145 1734194805 0,000000 113,800000 35,000000 35,000000 -20,200000
145 1734194806 0,000000 113,800000 35,000000 35,000000 -20,200000
145 1734194807 0,000000 113,800000 35,000000 35,000000 -20,200000
145 1734194808 0,000000 113,800000 35,000000 35,000000 -20,200000
145 1734194809 0,003497 114,400000 35,400000 35,400000 -20,200000
145 1734194810 0,003497 114,400000 35,800000 35,800000 -20,200000
145 1734194811 0,003497 114,400000 36,200000 36,200000 -20,200000
145 1734194812 0,003497 114,400000 36,600000 36,600000 -20,200000
145 1734194813 0,003497 114,400000 37,000000 37,000000 -20,200000
145 1734194814 0,010363 115,800000 38,200000 38,200000 -20,200000
145 1734194815 0,010363 115,800000 39,400000 39,400000 -20,200000
145 1734194816 0,010363 115,800000 40,600000 40,600000 -20,200000
145 1734194817 0,010363 115,800000 41,800000 41,800000 -20,200000
145 1734194818 0,010363 115,800000 43,000000 43,000000 -20,200000
145 1734194819 -0,005128 117,000000 42,400000 42,400000 -20,200000
145 1734194820 -0,005128 117,000000 41,800000 41,800000 -20,200000
145 1734194821 -0,005128 117,000000 41,200000 41,200000 -20,200000
145 1734194822 -0,005128 117,000000 40,600000 40,600000 -20,200000
145 1734194823 -0,005128 117,000000 40,000000 40,000000 -20,200000
145 1734194824 -0,022071 117,800000 37,400000 37,400000 -20,200000
145 1734194825 -0,022071 117,800000 34,800000 34,800000 -20,200000
145 1734194826 -0,022071 117,800000 32,200000 32,200000 -20,200000
145 1734194827 -0,022071 117,800000 29,600000 29,600000 -20,200000
145 1734194828 -0,022071 117,800000 27,000000 27,000000 -20,200000
145 1734194829 0,001681 119,000000 27,200000 27,200000 -20,200000
145 1734194830 0,001681 119,000000 27,400000 27,400000 -20,200000
145 1734194831 0,001681 119,000000 27,600000 27,600000 -20,200000
145 1734194832 0,001681 119,000000 27,800000 27,800000 -20,200000
145 1734194833 0,001681 119,000000 28,000000 28,000000 -20,200000
145 1734194834 0,016639 120,200000 30,000000 30,000000 -20,200000
145 1734194835 0,016639 120,200000 32,000000 32,000000 -20,200000
145 1734194836 0,016639 120,200000 34,000000 34,000000 -20,200000
145 1734194837 0,016639 120,200000 36,000000 36,000000 -20,200000
145 1734194838 0,016639 120,200000 38,000000 38,000000 -20,200000
145 1734194839 -0,004959 121,000000 37,400000 37,400000 -20,200000
145 1734194840 -0,004959 121,000000 36,800000 36,800000 -20,200000
145 1734194841 -0,004959 121,000000 36,200000 36,200000 -20,200000
145 1734194842 -0,004959 121,000000 35,600000 35,600000 -20,200000
145 1734194843 -0,004959 121,000000 35,000000 35,000000 -20,200000
145 1734194844 -0,003300 121,200000 34,600000 34,600000 -20,200000
145 1734194845 -0,003300 121,200000 34,200000 34,200000 -20,200000
145 1734194846 -0,003300 121,200000 33,800000 33,800000 -20,200000
145 1734194847 -0,003300 121,200000 33,400000 33,400000 -20,200000
145 1734194848 -0,003300 121,200000 33,000000 33,000000 -20,200000
145 1734194849 0,000000 121,200000 33,000000 33,000000 -20,200000
145 1734194850 0,000000 121,200000 33,000000 33,000000 -20,200000
145 1734194851 0,000000 121,200000 33,000000 33,000000 -20,200000
145 1734194852 0,000000 121,200000 33,000000 33,000000 -20,200000
145 1734194853 0,000000 121,200000 33,000000 33,000000 -20,200000
145 1734194854 0,003295 121,400000 33,400000 33,400000 -20,200000
145 1734194855 0,003295 121,400000 33,800000 33,800000 -20,200000
145 1734194856 0,003295 121,400000 34,200000 34,200000 -20,200000
145 1734194857 0,003295 121,400000 34,600000 34,600000 -20,200000
145 1734194858 0,003295 121,400000 35,000000 35,000000 -20,200000
145 1734194859 0,000000 121,400000 35,000000 35,000000 -20,200000
145 1734194860 0,000000 121,400000 35,000000 35,000000 -20,200000
145 1734194861 0,000000 121,400000 35,000000 35,000000 -20,200000
145 1734194862 0,000000 121,400000 35,000000 35,000000 -20,200000
145 1734194863 0,000000 121,400000 35,000000 35,000000 -20,200000
145 1734194864 0,000000 121,400000 35,000000 35,000000 -20,200000
145 1734194865 0,000000 121,400000 35,000000 35,000000 -20,200000
145 1734194866 0,000000 121,400000 35,000000 35,000000 -20,200000
145 1734194867 0,000000 121,400000 35,000000 35,000000 -20,200000
145 1734194868 0,000000 121,400000 35,000000 35,000000 -20,200000
145 1734194869 0,000000 121,400000 35,000000 35,000000 -20,200000
145 1734194870 0,000000 121,400000 35,000000 35,000000 -20,200000
145 1734194871 0,000000 121,400000 35,000000 35,000000 -20,200000
145 1734194872 0,000000 121,400000 35,000000 35,000000 -20,200000
145 1734194873 0,000000 121,400000 35,000000 35,000000 -20,200000
145 1734194874 0,000000 121,400000 35,000000 35,000000 -20,200000
145 1734194875 0,000000 121,400000 35,000000 35,000000 -20,200000
145 1734194876 0,000000 121,400000 35,000000 35,000000 -20,200000
145 1734194877 0,000000 121,400000 35,000000 35,000000 -20,200000
145 1734194878 0,000000 121,400000 35,000000 35,000000 -20,200000
145 1734194879 -0,003289 121,600000 34,600000 34,600000 -20,200000
145 1734194880 -0,003289 121,600000 34,200000 34,200000 -20,200000
145 1734194881 -0,003289 121,600000 33,800000 33,800000 -20,200000
145 1734194882 -0,003289 121,600000 33,400000 33,400000 -20,200000
145 1734194883 -0,003289 121,600000 33,000000 33,000000 -20,200000
145 1734194884 0,006557 122,000000 33,800000 33,800000 -20,200000
145 1734194885 0,006557 122,000000 34,600000 34,600000 -20,200000
145 1734194886 0,006557 122,000000 35,400000 35,400000 -20,200000
145 1734194887 0,006557 122,000000 36,200000 36,200000 -20,200000
145 1734194888 0,006557 122,000000 37,000000 37,000000 -20,200000
145 1734194889 0,003273 122,200000 37,400000 37,400000 -20,200000
145 1734194890 0,003273 122,200000 37,800000 37,800000 -20,200000
145 1734194891 0,003273 122,200000 38,200000 38,200000 -20,200000
145 1734194892 0,003273 122,200000 38,600000 38,600000 -20,200000
145 1734194893 0,003273 122,200000 39,000000 39,000000 -20,200000
145 1734194894 -0,004862 123,400000 38,400000 38,400000 -20,200000
145 1734194895 -0,004862 123,400000 37,800000 37,800000 -20,200000
145 1734194896 -0,004862 123,400000 37,200000 37,200000 -20,200000
145 1734194897 -0,004862 123,400000 36,600000 36,600000 -20,200000
145 1734194898 -0,004862 123,400000 36,000000 36,000000 -20,200000
145 1734194899 0,000000 124,600000 36,000000 36,000000 -20,200000
145 1734194900 0,000000 124,600000 36,000000 36,000000 -20,200000
145 1734194901 0,000000 124,600000 36,000000 36,000000 -20,200000
145 1734194902 0,000000 124,600000 36,000000 36,000000 -20,200000
145 1734194903 0,000000 124,600000 36,000000 36,000000 -20,200000
145 1734194904 0,003180 125,800000 36,400000 36,400000 -20,200000
145 1734194905 0,003180 125,800000 36,800000 36,800000 -20,200000
145 1734194906 0,003180 125,800000 37,200000 37,200000 -20,200000
145 1734194907 0,003180 125,800000 37,600000 37,600000 -20,200000
145 1734194908 0,003180 125,800000 38,000000 38,000000 -20,200000
145 1734194909 -0,003160 126,600000 37,600000 37,600000 -20,200000
145 1734194910 -0,003160 126,600000 37,200000 37,200000 -20,200000
145 1734194911 -0,003160 126,600000 36,800000 36,800000 -20,200000
145 1734194912 -0,003160 126,600000 36,400000 36,400000 -20,200000
145 1734194913 -0,003160 126,600000 36,000000 36,000000 -20,200000
145 1734194914 -0,003140 127,400000 35,600000 35,600000 -20,200000
145 1734194915 -0,003140 127,400000 35,200000 35,200000 -20,200000
145 1734194916 -0,003140 127,400000 34,800000 34,800000 -20,200000
145 1734194917 -0,003140 127,400000 34,400000 34,400000 -20,200000
145 1734194918 -0,003140 127,400000 34,000000 34,000000 -20,200000
145 1734194919 -0,012500 128,000000 32,400000 32,400000 -20,200000
145 1734194920 -0,012500 128,000000 30,800000 30,800000 -20,200000
145 1734194921 -0,012500 128,000000 29,200000 29,200000 -20,200000
145 1734194922 -0,012500 128,000000 27,600000 27,600000 -20,200000
145 1734194923 -0,012500 128,000000 26,000000 26,000000 -20,200000
145 1734194924 0,003120 128,200000 26,400000 26,400000 -20,200000
145 1734194925 0,003120 128,200000 26,800000 26,800000 -20,200000
145 1734194926 0,003120 128,200000 27,200000 27,200000 -20,200000
145 1734194927 0,003120 128,200000 27,600000 27,600000 -20,200000
145 1734194928 0,003120 128,200000 28,000000 28,000000 -20,200000
145 1734194929 0,009302 129,000000 29,200000 29,200000 -20,200000
145 1734194930 0,009302 129,000000 30,400000 30,400000 -20,200000
145 1734194931 0,009302 129,000000 31,600000 31,600000 -20,200000
145 1734194932 0,009302 129,000000 32,800000 32,800000 -20,200000
145 1734194933 0,009302 129,000000 34,000000 34,000000 -20,200000
145 1734194934 0,000000 129,000000 34,000000 34,000000 -20,200000
145 1734194935 0,000000 129,000000 34,000000 34,000000 -20,200000
145 1734194936 0,000000 129,000000 34,000000 34,000000 -20,200000
145 1734194937 0,000000 129,000000 34,000000 34,000000 -20,200000
145 1734194938 0,000000 129,000000 34,000000 34,000000 -20,200000
145 1734194939 0,000000 129,000000 34,000000 34,000000 -20,200000
145 1734194940 0,000000 129,000000 34,000000 34,000000 -20,200000
145 1734194941 0,000000 129,000000 34,000000 34,000000 -20,200000
145 1734194942 0,000000 129,000000 34,000000 34,000000 -20,200000
145 1734194943 0,000000 129,000000 34,000000 34,000000 -20,200000
145 1734194944 0,000000 129,000000 34,000000 34,000000 -20,200000
145 1734194945 0,000000 129,000000 34,000000 34,000000 -20,200000
145 1734194946 0,000000 129,000000 34,000000 34,000000 -20,200000
145 1734194947 0,000000 129,000000 34,000000 34,000000 -20,200000
145 1734194948 0,000000 129,000000 34,000000 34,000000 -20,200000
145 1734194949 0,000000 129,000000 34,000000 34,000000 -20,200000
145 1734194950 0,000000 129,000000 34,000000 34,000000 -20,200000
145 1734194951 0,000000 129,000000 34,000000 34,000000 -20,200000
145 1734194952 0,000000 129,000000 34,000000 34,000000 -20,200000
145 1734194953 0,000000 129,000000 34,000000 34,000000 -20,200000
145 1734194954 0,012289 130,200000 35,600000 35,600000 -20,200000
145 1734194955 0,012289 130,200000 37,200000 37,200000 -20,200000
145 1734194956 0,012289 130,200000 38,800000 38,800000 -20,200000
145 1734194957 0,012289 130,200000 40,400000 40,400000 -20,200000
145 1734194958 0,012289 130,200000 42,000000 42,000000 -20,200000
145 1734194959 -0,009146 131,200000 40,800000 40,800000 -20,200000
145 1734194960 -0,009146 131,200000 39,600000 39,600000 -20,200000
145 1734194961 -0,009146 131,200000 38,400000 38,400000 -20,200000
145 1734194962 -0,009146 131,200000 37,200000 37,200000 -20,200000
145 1734194963 -0,009146 131,200000 36,000000 36,000000 -20,200000
145 1734194964 -0,012140 131,800000 34,400000 34,400000 -20,200000
145 1734194965 -0,012140 131,800000 32,800000 32,800000 -20,200000
145 1734194966 -0,012140 131,800000 31,200000 31,200000 -20,200000
145 1734194967 -0,012140 131,800000 29,600000 29,600000 -20,200000
145 1734194968 -0,012140 131,800000 28,000000 28,000000 -20,200000
145 1734194969 0,000000 131,800000 28,000000 28,000000 -20,200000
145 1734194970 0,000000 131,800000 28,000000 28,000000 -20,200000
145 1734194971 0,000000 131,800000 28,000000 28,000000 -20,200000
